0.000000 0.000000 -0.000000 0.000000 4.392840 4.392840
2.500000 0.000000 -0.000000 -0.000000 4.392840 4.392840
5.000000 0.000000 -0.000000 0.000000 4.392840 4.392840
7.500000 0.000000 0.000000 0.000001 4.392840 4.392840
10.000000 0.000000 -0.000000 -0.000001 4.392840 4.392840
12.500000 0.000000 -0.000000 -0.000000 4.392840 4.392840
15.000000 0.000000 0.000000 0.000001 4.392840 4.392840
17.500000 0.000000 -0.000000 -0.000001 4.392840 4.392840
20.000000 0.000000 -0.000000 -0.000001 4.392840 4.392840
22.500000 0.000000 -0.000000 -0.000000 4.392840 4.392840
25.000000 0.000000 0.000000 0.000002 4.392840 4.392840
27.500000 0.000000 0.000000 0.000000 4.392840 4.392840
30.000000 0.000000 -0.000001 -0.000004 4.392840 4.392840
32.500000 0.000000 0.000001 0.000001 4.392840 4.392840
35.000000 0.000000 0.000002 0.000005 4.392840 4.392840
37.500000 0.000000 -0.000001 -0.000007 4.392840 4.392840
40.000000 0.000000 0.000002 0.000006 4.392840 4.392840
42.500000 0.000000 -0.000002 -0.000008 4.392840 4.392840
45.000000 0.000000 0.000001 0.000003 4.392840 4.392840
47.500000 0.000000 -0.000000 -0.000002 4.392840 4.392840
50.000000 0.000000 0.000001 0.000003 4.392840 4.392840
0.000000 2.500000 -0.000001 -0.000005 4.392840 4.392840
2.500000 2.500000 -0.000000 -0.000003 4.392840 4.392840
5.000000 2.500000 0.000000 0.000000 4.392840 4.392840
7.500000 2.500000 0.000000 0.000001 4.392840 4.392840
10.000000 2.500000 -0.000001 -0.000005 4.392840 4.392840
12.500000 2.500000 0.000001 0.000002 4.392840 4.392840
15.000000 2.500000 0.000001 0.000006 4.392840 4.392840
17.500000 2.500000 -0.000001 -0.000003 4.392840 4.392840
20.000000 2.500000 -0.000000 -0.000002 4.392840 4.392840
22.500000 2.500000 0.000001 0.000002 4.392840 4.392840
25.000000 2.500000 0.000001 0.000005 4.392840 4.392840
27.500000 2.500000 -0.000001 -0.000005 4.392840 4.392840
30.000000 2.500000 -0.000003 -0.000010 4.392840 4.392840
32.500000 2.500000 0.000004 0.000018 4.392840 4.392840
35.000000 2.500000 0.000003 0.000016 4.392840 4.392840
37.500000 2.500000 -0.000007 -0.000027 4.392840 4.392840
40.000000 2.500000 0.000004 0.000020 4.392840 4.392840
42.500000 2.500000 -0.000009 -0.000037 4.392840 4.392840
45.000000 2.500000 0.000005 0.000020 4.392840 4.392840
47.500000 2.500000 -0.000001 -0.000003 4.392840 4.392840
50.000000 2.500000 0.000003 0.000014 4.392840 4.392840
0.000000 5.000000 -0.000014 -0.000047 4.392840 4.392840
2.500000 5.000000 -0.000004 -0.000012 4.392840 4.392840
5.000000 5.000000 0.000001 0.000012 4.392840 4.392840
7.500000 5.000000 -0.000002 -0.000006 4.392840 4.392840
10.000000 5.000000 -0.000007 -0.000030 4.392840 4.392840
12.500000 5.000000 0.000010 0.000043 4.392840 4.392840
15.000000 5.000000 0.000008 0.000035 4.392840 4.392840
17.500000 5.000000 -0.000010 -0.000042 4.392840 4.392840
20.000000 5.000000 0.000000 -0.000001 4.392840 4.392840
22.500000 5.000000 0.000007 0.000031 4.392840 4.392840
25.000000 5.000000 0.000004 0.000021 4.392840 4.392840
27.500000 5.000000 -0.000013 -0.000055 4.392840 4.392840
30.000000 5.000000 -0.000003 -0.000012 4.392840 4.392840
32.500000 5.000000 0.000040 0.000161 4.392840 4.392840
35.000000 5.000000 0.000000 -0.000011 4.392840 4.392840
37.500000 5.000000 -0.000061 -0.000262 4.392840 4.392840
40.000000 5.000000 0.000025 0.000092 4.392840 4.392840
42.500000 5.000000 -0.000057 -0.000238 4.392840 4.392840
45.000000 5.000000 0.000064 0.000267 4.392840 4.392830
47.500000 5.000000 0.000007 0.000029 4.392840 4.392840
50.000000 5.000000 0.000036 0.000145 4.392840 4.392840
0.000000 7.500000 -0.000134 -0.000597 4.392840 4.392850
2.500000 7.500000 -0.000011 -0.000062 4.392840 4.392840
5.000000 7.500000 0.000021 0.000059 4.392840 4.392840
7.500000 7.500000 -0.000010 -0.000064 4.392840 4.392840
10.000000 7.500000 -0.000001 -0.000002 4.392840 4.392840
12.500000 7.500000 0.000123 0.000512 4.392840 4.392830
15.000000 7.500000 0.000035 0.000128 4.392840 4.392840
17.500000 7.500000 -0.000079 -0.000331 4.392840 4.392840
20.000000 7.500000 0.000045 0.000198 4.392840 4.392830
22.500000 7.500000 0.000068 0.000283 4.392840 4.392830
25.000000 7.500000 0.000002 -0.000009 4.392840 4.392840
27.500000 7.500000 -0.000086 -0.000356 4.392840 4.392840
30.000000 7.500000 0.000079 0.000333 4.392840 4.392830
32.500000 7.500000 0.000216 0.000882 4.392830 4.392830
35.000000 7.500000 -0.000302 -0.001215 4.392850 4.392860
37.500000 7.500000 -0.000493 -0.001990 4.392850 4.392870
40.000000 7.500000 0.000261 0.001116 4.392830 4.392820
42.500000 7.500000 -0.000150 -0.000571 4.392840 4.392840
45.000000 7.500000 0.000826 0.003394 4.392820 4.392770
47.500000 7.500000 0.000197 0.000801 4.392830 4.392820
50.000000 7.500000 0.000344 0.001432 4.392830 4.392810
0.000000 10.000000 -0.001133 -0.004509 4.392860 4.392920
2.500000 10.000000 0.000218 0.000963 4.392830 4.392820
5.000000 10.000000 0.000375 0.001631 4.392830 4.392800
7.500000 10.000000 0.000274 0.001235 4.392830 4.392800
10.000000 10.000000 0.000679 0.002848 4.392820 4.392770
12.500000 10.000000 0.001266 0.005175 4.392810 4.392740
15.000000 10.000000 0.000046 0.000211 4.392840 4.392830
17.500000 10.000000 -0.000398 -0.001572 4.392850 4.392860
20.000000 10.000000 0.000786 0.003216 4.392820 4.392780
22.500000 10.000000 0.000481 0.001932 4.392830 4.392810
25.000000 10.000000 -0.000283 -0.001131 4.392850 4.392860
27.500000 10.000000 -0.000477 -0.001902 4.392850 4.392860
30.000000 10.000000 0.000767 0.003121 4.392820 4.392780
32.500000 10.000000 0.000116 0.000482 4.392840 4.392830
35.000000 10.000000 -0.003602 -0.014876 4.392910 4.393060
37.500000 10.000000 -0.001282 -0.005533 4.392860 4.392850
40.000000 10.000000 0.005785 0.023678 4.392700 4.392360
42.500000 10.000000 0.003914 0.015887 4.392740 4.392460
45.000000 10.000000 0.010220 0.041772 4.392610 4.392090
47.500000 10.000000 0.002850 0.011876 4.392770 4.392610
50.000000 10.000000 0.003155 0.012932 4.392760 4.392570
0.000000 12.500000 -0.000138 -0.001125 4.392830 4.392780
2.500000 12.500000 0.009292 0.037798 4.392620 4.392080
5.000000 12.500000 0.009999 0.040671 4.392600 4.391970
7.500000 12.500000 0.010392 0.042226 4.392590 4.391940
10.000000 12.500000 0.013484 0.054728 4.392530 4.391760
12.500000 12.500000 0.012547 0.051360 4.392560 4.391890
15.000000 12.500000 0.000505 0.002254 4.392810 4.392700
17.500000 12.500000 0.001384 0.005389 4.392790 4.392630
20.000000 12.500000 0.009749 0.039851 4.392620 4.392110
22.500000 12.500000 0.002827 0.011874 4.392770 4.392590
25.000000 12.500000 -0.002378 -0.009753 4.392880 4.392930
27.500000 12.500000 0.000767 0.002871 4.392810 4.392680
30.000000 12.500000 0.009549 0.039026 4.392630 4.392130
32.500000 12.500000 0.002213 0.009417 4.392780 4.392620
35.000000 12.500000 -0.002550 -0.010820 4.392870 4.392870
37.500000 12.500000 0.054937 0.218605 4.391680 4.389230
40.000000 12.500000 0.121758 0.462871 4.390330 4.385380
42.500000 12.500000 0.100541 0.386835 4.390730 4.386430
45.000000 12.500000 0.125689 0.476890 4.390260 4.385160
47.500000 12.500000 0.033849 0.135602 4.392090 4.390430
50.000000 12.500000 0.026939 0.109225 4.392210 4.390680
0.000000 15.000000 0.237736 0.830714 4.388290 4.380890
2.500000 15.000000 0.223067 0.787802 4.388330 4.379810
5.000000 15.000000 0.220749 0.780928 4.388300 4.379410
7.500000 15.000000 0.221126 0.781976 4.388300 4.379490
10.000000 15.000000 0.220791 0.781336 4.388330 4.379610
12.500000 15.000000 0.148131 0.552469 4.389720 4.383260
15.000000 15.000000 0.038004 0.151659 4.391910 4.389470
17.500000 15.000000 0.075947 0.297674 4.391160 4.387340
20.000000 15.000000 0.121868 0.463607 4.390260 4.384860
22.500000 15.000000 0.032212 0.129230 4.392040 4.389920
25.000000 15.000000 0.015297 0.061846 4.392400 4.391000
27.500000 15.000000 0.072041 0.283051 4.391240 4.387610
30.000000 15.000000 0.121368 0.461890 4.390270 4.384890
32.500000 15.000000 0.032928 0.132038 4.392030 4.389870
35.000000 15.000000 0.025423 0.102393 4.392180 4.390310
37.500000 15.000000 0.197762 0.712017 4.388780 4.380850
40.000000 15.000000 3.693500 2.433910 4.337550 4.355240
42.500000 15.000000 0.757892 1.745050 4.379600 4.364840
45.000000 15.000000 3.715750 2.524280 4.337010 4.353600
47.500000 15.000000 0.396817 1.231070 4.385160 4.372340
50.000000 15.000000 0.235406 0.823402 4.387810 4.377210
0.000000 17.500000 3.901070 3.394480 4.329990 4.320450
2.500000 17.500000 3.891980 3.346570 4.329600 4.316610
5.000000 17.500000 3.891540 3.344230 4.329210 4.313660
7.500000 17.500000 3.891090 3.341950 4.329450 4.315460
10.000000 17.500000 3.884900 3.310250 4.329680 4.316470
12.500000 17.500000 3.807420 2.928650 4.331650 4.322890
15.000000 17.500000 0.460307 1.358200 4.380790 4.346490
17.500000 17.500000 0.440077 1.319660 4.381140 4.347220
20.000000 17.500000 3.710070 2.499810 4.334020 4.330090
22.500000 17.500000 0.413845 1.266970 4.381590 4.348120
25.000000 17.500000 0.267385 0.913694 4.384130 4.353520
27.500000 17.500000 0.413550 1.266360 4.381590 4.348120
30.000000 17.500000 3.708800 2.494580 4.334050 4.330180
32.500000 17.500000 0.414863 1.269060 4.381570 4.348110
35.000000 17.500000 0.274815 0.934022 4.383990 4.353180
37.500000 17.500000 0.485160 1.402970 4.380370 4.345720
40.000000 17.500000 3.891170 3.342750 4.329570 4.316360
42.500000 17.500000 3.946330 3.637630 4.328110 4.311390
45.000000 17.500000 3.966930 3.753940 4.327560 4.309530
47.500000 17.500000 3.932330 3.561290 4.328480 4.312630
50.000000 17.500000 3.882690 3.297900 4.329960 4.318430
0.000000 20.000000 4.169720 4.091850 4.194410 4.254430
2.500000 20.000000 4.175500 4.128470 4.184540 4.187900
5.000000 20.000000 4.176470 4.134490 4.182610 4.174390
7.500000 20.000000 4.176040 4.132710 4.186510 4.201030
10.000000 20.000000 4.174820 4.124530 4.187320 4.206410
12.500000 20.000000 4.165410 4.061690 4.188330 4.210570
15.000000 20.000000 4.110000 3.698410 4.191760 4.218230
17.500000 20.000000 4.086470 3.550040 4.193160 4.221140
20.000000 20.000000 4.135040 3.860890 4.190390 4.216000
22.500000 20.000000 4.108990 3.692240 4.191880 4.218800
25.000000 20.000000 4.075540 3.483520 4.193820 4.222490
27.500000 20.000000 4.085790 3.546230 4.193250 4.221590
30.000000 20.000000 4.135270 3.862300 4.190400 4.216160
32.500000 20.000000 4.109150 3.693240 4.191910 4.219030
35.000000 20.000000 4.076210 3.487560 4.193780 4.222390
37.500000 20.000000 4.089680 3.570490 4.192970 4.220750
40.000000 20.000000 4.152340 3.973690 4.189270 4.213290
42.500000 20.000000 4.178240 4.148040 4.187680 4.209810
45.000000 20.000000 4.178810 4.151670 4.187620 4.209570
47.500000 20.000000 4.175400 4.128350 4.187860 4.210240
50.000000 20.000000 4.177530 4.143550 4.187960 4.211540
0.000000 22.500000 4.187910 4.196590 4.128580 3.817870
2.500000 22.500000 4.192430 4.216300 4.089680 3.569840
5.000000 22.500000 4.190090 4.207380 4.114390 3.726050
7.500000 22.500000 4.185060 4.188810 4.168820 4.083880
10.000000 22.500000 4.183980 4.183930 4.177210 4.139570
12.500000 22.500000 4.182420 4.174570 4.182100 4.172620
15.000000 22.500000 4.178290 4.146970 4.183820 4.183230
17.500000 22.500000 4.179930 4.158740 4.184000 4.184900
20.000000 22.500000 4.185060 4.193540 4.183720 4.184470
22.500000 22.500000 4.180300 4.160660 4.183870 4.184150
25.000000 22.500000 4.179040 4.152550 4.184110 4.185420
27.500000 22.500000 4.181970 4.172810 4.184370 4.187940
30.000000 22.500000 4.185270 4.195000 4.183990 4.186320
32.500000 22.500000 4.180320 4.160880 4.183980 4.184840
35.000000 22.500000 4.179170 4.153330 4.183720 4.182830
37.500000 22.500000 4.182440 4.175820 4.183790 4.184210
40.000000 22.500000 4.186930 4.206350 4.183590 4.184140
42.500000 22.500000 4.185510 4.196320 4.183660 4.184200
45.000000 22.500000 4.183720 4.184060 4.183710 4.184040
47.500000 22.500000 4.183300 4.181280 4.183760 4.184250
50.000000 22.500000 4.184170 4.187070 4.183480 4.182600
0.000000 25.000000 4.206440 4.263970 3.923020 2.626460
2.500000 25.000000 4.357430 4.319270 0.582652 1.430700
5.000000 25.000000 4.354620 4.315480 0.635349 1.486250
7.500000 25.000000 4.198870 4.238740 4.014970 3.124700
10.000000 25.000000 4.190720 4.210080 4.108570 3.689470
12.500000 25.000000 4.185190 4.189480 4.167630 4.075440
15.000000 25.000000 4.183580 4.182390 4.181110 4.165950
17.500000 25.000000 4.183770 4.184180 4.182940 4.178860
20.000000 25.000000 4.184030 4.186020 4.183430 4.182260
22.500000 25.000000 4.183280 4.181060 4.183590 4.183080
25.000000 25.000000 4.183260 4.181600 4.185930 4.199090
27.500000 25.000000 4.183560 4.183940 4.187260 4.208640
30.000000 25.000000 4.184100 4.186290 4.182590 4.176930
32.500000 25.000000 4.183820 4.183370 4.178900 4.151520
35.000000 25.000000 4.184070 4.184800 4.178130 4.145990
37.500000 25.000000 4.184030 4.185720 4.182340 4.174600
40.000000 25.000000 4.184070 4.186370 4.183510 4.182670
42.500000 25.000000 4.183640 4.183510 4.183550 4.182850
45.000000 25.000000 4.183560 4.182930 4.183240 4.180830
47.500000 25.000000 4.183620 4.183380 4.183610 4.183370
50.000000 25.000000 4.183780 4.184450 4.183490 4.182520
0.000000 27.500000 4.370310 4.339620 0.350038 1.050340
2.500000 27.500000 4.383690 4.367600 0.130156 0.461422
5.000000 27.500000 4.383290 4.366310 0.135181 0.477717
7.500000 27.500000 4.366660 4.332260 0.410704 1.171430
10.000000 27.500000 4.350680 4.312300 0.717162 1.556580
12.500000 27.500000 4.196150 4.229350 4.046760 3.309800
15.000000 27.500000 4.185730 4.191800 4.163220 4.046550
17.500000 27.500000 4.184370 4.186430 4.176550 4.135160
20.000000 27.500000 4.183920 4.184940 4.181910 4.171670
22.500000 27.500000 4.183700 4.183920 4.183470 4.182290
25.000000 27.500000 4.183550 4.183990 4.187320 4.208980
27.500000 27.500000 4.186350 4.194780 4.158580 4.014620
30.000000 27.500000 4.192080 4.215060 4.093520 3.594260
32.500000 27.500000 4.193350 4.219320 4.078380 3.500920
35.000000 27.500000 4.190310 4.208710 4.113380 3.719470
37.500000 27.500000 4.185150 4.190000 4.170500 4.095210
40.000000 27.500000 4.184210 4.186290 4.179550 4.156010
42.500000 27.500000 4.184160 4.185630 4.178540 4.149210
45.000000 27.500000 4.184160 4.185460 4.178060 4.145510
47.500000 27.500000 4.183890 4.184930 4.182490 4.175610
50.000000 27.500000 4.184110 4.186280 4.182080 4.173000
0.000000 30.000000 4.214470 4.297190 3.846700 2.253950
2.500000 30.000000 4.380720 4.363760 0.186766 0.636021
5.000000 30.000000 4.382860 4.366690 0.146774 0.516739
7.500000 30.000000 4.218730 4.303250 3.767440 1.902870
10.000000 30.000000 4.377560 4.354540 0.230047 0.757824
12.500000 30.000000 4.366480 4.332360 0.415127 1.179020
15.000000 30.000000 4.200310 4.244590 4.001240 3.047380
17.500000 30.000000 4.192520 4.220800 4.102870 3.653550
20.000000 30.000000 4.188700 4.212240 4.162780 4.044150
22.500000 30.000000 4.187930 4.210330 4.174340 4.121000
25.000000 30.000000 4.187960 4.211370 4.177050 4.140330
27.500000 30.000000 4.195310 4.234490 4.083730 3.534430
30.000000 30.000000 4.354060 4.317390 0.655042 1.506250
32.500000 30.000000 4.371310 4.340210 0.328466 1.000360
35.000000 30.000000 4.356680 4.319530 0.600821 1.451010
37.500000 30.000000 4.200090 4.243970 4.004100 3.063680
40.000000 30.000000 4.194650 4.225200 4.067890 3.437560
42.500000 30.000000 4.194140 4.223200 4.073110 3.468680
45.000000 30.000000 4.192020 4.218900 4.107960 3.685440
47.500000 30.000000 4.188590 4.211970 4.164410 4.055030
50.000000 30.000000 4.188100 4.209540 4.167620 4.075670
0.000000 32.500000 4.334520 4.337560 3.748540 2.664580
2.500000 32.500000 4.384750 4.366640 0.362688 1.156700
5.000000 32.500000 4.391210 4.386110 0.056024 0.220384
7.500000 32.500000 4.387010 4.368160 0.196436 0.708830
10.000000 32.500000 4.387650 4.372880 0.196900 0.710227
12.500000 32.500000 4.390660 4.382900 0.064439 0.252968
15.000000 32.500000 4.386620 4.364030 0.180398 0.657257
17.500000 32.500000 4.381170 4.347250 0.433862 1.307690
20.000000 32.500000 4.331720 4.322890 3.807320 2.927780
22.500000 32.500000 4.328670 4.313260 3.926890 3.532000
25.000000 32.500000 4.327940 4.311070 3.956290 3.694660
27.500000 32.500000 4.332150 4.325760 3.803370 2.909900
30.000000 32.500000 4.386860 4.369610 0.223997 0.790848
32.500000 32.500000 4.390400 4.383500 0.092868 0.359262
35.000000 32.500000 4.388770 4.377620 0.158837 0.587918
37.500000 32.500000 4.386530 4.363840 0.185820 0.673819
40.000000 32.500000 4.384600 4.354760 0.240244 0.838301
42.500000 32.500000 4.384350 4.354140 0.253033 0.873971
45.000000 32.500000 4.381200 4.347390 0.432249 1.304180
47.500000 32.500000 4.331740 4.322910 3.806020 2.921990
50.000000 32.500000 4.329480 4.314990 3.887870 3.325890
0.000000 35.000000 4.383690 4.369850 0.483542 1.403160
2.500000 35.000000 4.340630 4.363690 3.566740 1.965900
5.000000 35.000000 4.390390 4.385780 0.119983 0.457044
7.500000 35.000000 4.390050 4.384160 0.129702 0.490743
10.000000 35.000000 4.342620 4.368280 3.473230 1.675310
12.500000 35.000000 4.390600 4.386280 0.109088 0.419322
15.000000 35.000000 4.392070 4.389640 0.026520 0.107359
17.500000 35.000000 4.391770 4.388800 0.041375 0.165118
20.000000 35.000000 4.389390 4.382400 0.162890 0.600806
22.500000 35.000000 4.385230 4.372820 0.392482 1.221930
25.000000 35.000000 4.337580 4.355070 3.696060 2.443640
27.500000 35.000000 4.386120 4.374940 0.344219 1.112490
30.000000 35.000000 4.391270 4.388350 0.077334 0.302192
32.500000 35.000000 4.390730 4.386890 0.104824 0.403934
35.000000 35.000000 4.342550 4.367840 3.474460 1.679560
37.500000 35.000000 4.390120 4.384170 0.123503 0.469565
40.000000 35.000000 4.392140 4.389990 0.024088 0.097186
42.500000 35.000000 4.392390 4.390990 0.015388 0.062534
45.000000 35.000000 4.391940 4.389620 0.036283 0.145284
47.500000 35.000000 4.389660 4.383240 0.150678 0.560840
50.000000 35.000000 4.388180 4.380420 0.239160 0.835399
0.000000 37.500000 4.391580 4.388880 0.057379 0.226338
2.500000 37.500000 4.390670 4.386490 0.105407 0.405727
5.000000 37.500000 4.391660 4.389250 0.056054 0.223297
7.500000 37.500000 4.392380 4.391290 0.019967 0.080339
10.000000 37.500000 4.390680 4.386590 0.105842 0.407908
12.500000 37.500000 4.391630 4.389210 0.057640 0.229147
15.000000 37.500000 4.392760 4.392490 0.002029 0.007930
17.500000 37.500000 4.392740 4.392480 0.003946 0.016435
20.000000 37.500000 4.392480 4.391670 0.015859 0.064810
22.500000 37.500000 4.392050 4.390300 0.035196 0.140860
25.000000 37.500000 4.390350 4.385490 0.120152 0.457685
27.500000 37.500000 4.391430 4.388530 0.066376 0.261792
30.000000 37.500000 4.392830 4.392750 -0.000619 -0.003058
32.500000 37.500000 4.392510 4.391760 0.014789 0.060004
35.000000 37.500000 4.390640 4.386420 0.107053 0.412031
37.500000 37.500000 4.391590 4.389040 0.058953 0.234044
40.000000 37.500000 4.392800 4.392670 0.000854 0.003209
42.500000 37.500000 4.392830 4.392790 0.000409 0.001851
45.000000 37.500000 4.392750 4.392520 0.003741 0.015539
47.500000 37.500000 4.392560 4.391910 0.012573 0.051454
50.000000 37.500000 4.392690 4.392350 0.006747 0.027033
0.000000 40.000000 4.392680 4.392310 0.006792 0.028096
2.500000 40.000000 4.392680 4.392310 0.007089 0.029116
5.000000 40.000000 4.392830 4.392760 0.000053 -0.000155
7.500000 40.000000 4.392840 4.392810 -0.000590 -0.002346
10.000000 40.000000 4.392650 4.392240 0.008642 0.035320
12.500000 40.000000 4.392830 4.392760 0.000082 -0.000084
15.000000 40.000000 4.392900 4.393010 -0.003186 -0.013145
17.500000 40.000000 4.392840 4.392830 0.000113 0.000514
20.000000 40.000000 4.392800 4.392710 0.001639 0.006678
22.500000 40.000000 4.392760 4.392550 0.003420 0.014228
25.000000 40.000000 4.392630 4.392150 0.009361 0.038297
27.500000 40.000000 4.392820 4.392750 0.000163 0.000383
30.000000 40.000000 4.392920 4.393060 -0.003751 -0.015438
32.500000 40.000000 4.392790 4.392690 0.001972 0.008296
35.000000 40.000000 4.392630 4.392170 0.009322 0.038012
37.500000 40.000000 4.392820 4.392750 0.000177 0.000362
40.000000 40.000000 4.392910 4.393040 -0.003398 -0.014033
42.500000 40.000000 4.392850 4.392860 -0.000293 -0.001175
45.000000 40.000000 4.392830 4.392800 0.000414 0.001656
47.500000 40.000000 4.392820 4.392760 0.000975 0.003984
50.000000 40.000000 4.392850 4.392880 -0.000720 -0.002862
0.000000 42.500000 4.392820 4.392780 0.000729 0.002984
2.500000 42.500000 4.392830 4.392810 0.000309 0.001231
5.000000 42.500000 4.392850 4.392860 -0.000417 -0.001662
7.500000 42.500000 4.392840 4.392840 -0.000023 -0.000052
10.000000 42.500000 4.392820 4.392780 0.000835 0.003430
12.500000 42.500000 4.392850 4.392860 -0.000492 -0.001946
15.000000 42.500000 4.392850 4.392860 -0.000349 -0.001383
17.500000 42.500000 4.392840 4.392830 0.000199 0.000798
20.000000 42.500000 4.392830 4.392820 0.000199 0.000830
22.500000 42.500000 4.392830 4.392810 0.000319 0.001308
25.000000 42.500000 4.392820 4.392780 0.000683 0.002799
27.500000 42.500000 4.392850 4.392870 -0.000542 -0.002180
30.000000 42.500000 4.392850 4.392870 -0.000388 -0.001566
32.500000 42.500000 4.392830 4.392810 0.000471 0.001897
35.000000 42.500000 4.392820 4.392780 0.000781 0.003219
37.500000 42.500000 4.392850 4.392870 -0.000531 -0.002106
40.000000 42.500000 4.392850 4.392870 -0.000383 -0.001530
42.500000 42.500000 4.392840 4.392830 0.000157 0.000632
45.000000 42.500000 4.392840 4.392830 0.000078 0.000325
47.500000 42.500000 4.392840 4.392830 0.000059 0.000259
50.000000 42.500000 4.392840 4.392850 -0.000177 -0.000739
0.000000 45.000000 4.392840 4.392830 0.000069 0.000285
2.500000 45.000000 4.392840 4.392840 -0.000016 -0.000053
5.000000 45.000000 4.392840 4.392840 -0.000058 -0.000240
7.500000 45.000000 4.392840 4.392840 0.000027 0.000097
10.000000 45.000000 4.392840 4.392830 0.000077 0.000316
12.500000 45.000000 4.392840 4.392840 -0.000092 -0.000386
15.000000 45.000000 4.392840 4.392840 -0.000006 -0.000047
17.500000 45.000000 4.392840 4.392840 0.000041 0.000167
20.000000 45.000000 4.392840 4.392840 0.000013 0.000057
22.500000 45.000000 4.392840 4.392840 0.000024 0.000098
25.000000 45.000000 4.392840 4.392840 0.000040 0.000171
27.500000 45.000000 4.392840 4.392850 -0.000091 -0.000381
30.000000 45.000000 4.392840 4.392840 -0.000005 -0.000034
32.500000 45.000000 4.392840 4.392830 0.000073 0.000303
35.000000 45.000000 4.392840 4.392830 0.000045 0.000193
37.500000 45.000000 4.392840 4.392850 -0.000095 -0.000403
40.000000 45.000000 4.392840 4.392840 -0.000008 -0.000052
42.500000 45.000000 4.392840 4.392840 0.000038 0.000154
45.000000 45.000000 4.392840 4.392840 0.000001 0.000008
47.500000 45.000000 4.392840 4.392840 -0.000001 -0.000006
50.000000 45.000000 4.392840 4.392840 -0.000025 -0.000105
0.000000 47.500000 4.392840 4.392840 0.000006 0.000025
2.500000 47.500000 4.392840 4.392840 -0.000005 -0.000024
5.000000 47.500000 4.392840 4.392840 -0.000005 -0.000021
7.500000 47.500000 4.392840 4.392840 0.000006 0.000027
10.000000 47.500000 4.392840 4.392840 0.000005 0.000024
12.500000 47.500000 4.392840 4.392840 -0.000013 -0.000054
15.000000 47.500000 4.392840 4.392840 0.000004 0.000020
17.500000 47.500000 4.392840 4.392840 0.000004 0.000022
20.000000 47.500000 4.392840 4.392840 -0.000001 -0.000003
22.500000 47.500000 4.392840 4.392840 0.000002 0.000006
25.000000 47.500000 4.392840 4.392840 0.000002 0.000006
27.500000 47.500000 4.392840 4.392840 -0.000011 -0.000046
30.000000 47.500000 4.392840 4.392840 0.000004 0.000021
32.500000 47.500000 4.392840 4.392840 0.000008 0.000035
35.000000 47.500000 4.392840 4.392840 -0.000000 -0.000003
37.500000 47.500000 4.392840 4.392840 -0.000012 -0.000050
40.000000 47.500000 4.392840 4.392840 0.000004 0.000021
42.500000 47.500000 4.392840 4.392840 0.000004 0.000021
45.000000 47.500000 4.392840 4.392840 -0.000002 -0.000008
47.500000 47.500000 4.392840 4.392840 -0.000001 -0.000003
50.000000 47.500000 4.392840 4.392840 -0.000003 -0.000009
0.000000 50.000000 4.392840 4.392840 0.000001 0.000004
2.500000 50.000000 4.392840 4.392840 -0.000002 -0.000007
5.000000 50.000000 4.392840 4.392840 -0.000000 -0.000000
7.500000 50.000000 4.392840 4.392840 0.000002 0.000007
10.000000 50.000000 4.392840 4.392840 0.000000 -0.000000
12.500000 50.000000 4.392840 4.392840 -0.000003 -0.000013
15.000000 50.000000 4.392840 4.392840 0.000002 0.000009
17.500000 50.000000 4.392840 4.392840 0.000001 0.000001
20.000000 50.000000 4.392840 4.392840 -0.000001 -0.000003
22.500000 50.000000 4.392840 4.392840 0.000000 0.000001
25.000000 50.000000 4.392840 4.392840 -0.000000 -0.000000
27.500000 50.000000 4.392840 4.392840 -0.000002 -0.000009
30.000000 50.000000 4.392840 4.392840 0.000002 0.000009
32.500000 50.000000 4.392840 4.392840 0.000001 0.000004
35.000000 50.000000 4.392840 4.392840 -0.000001 -0.000005
37.500000 50.000000 4.392840 4.392840 -0.000002 -0.000009
40.000000 50.000000 4.392840 4.392840 0.000002 0.000008
42.500000 50.000000 4.392840 4.392840 0.000001 0.000001
45.000000 50.000000 4.392840 4.392840 -0.000001 -0.000004
47.500000 50.000000 4.392840 4.392840 -0.000000 0.000000
50.000000 50.000000 4.392840 4.392840 -0.000000 -0.000001
