0.000000 0.000000 1.557297 1.574298 1.431937 1.666829
2.500000 0.000000 1.381104 1.594071 1.402222 1.577527
5.000000 0.000000 1.540029 1.499683 1.644319 1.526698
7.500000 0.000000 1.611427 1.550317 1.437417 1.512931
10.000000 0.000000 1.509932 1.385217 1.459597 1.597282
12.500000 0.000000 1.575871 1.623535 1.510374 1.411784
15.000000 0.000000 1.470817 1.500625 1.557296 1.650402
17.500000 0.000000 1.401285 1.475338 1.435902 1.571394
20.000000 0.000000 1.639363 1.547049 1.430093 1.536641
22.500000 0.000000 1.681965 1.648846 1.574910 1.671832
25.000000 0.000000 1.408151 1.550953 1.381010 1.601636
27.500000 0.000000 1.535082 1.549656 1.566488 1.558301
30.000000 0.000000 1.653268 1.656925 1.668404 1.622998
32.500000 0.000000 1.597136 1.654912 1.454359 1.642285
35.000000 0.000000 1.545749 1.563829 1.455929 1.588413
37.500000 0.000000 1.537456 1.576703 1.504554 1.573164
40.000000 0.000000 1.560399 1.547792 1.532828 1.381482
42.500000 0.000000 1.504509 1.503396 1.445867 1.573450
45.000000 0.000000 1.673656 1.557764 1.453685 1.561944
47.500000 0.000000 1.383789 1.431143 1.579738 1.574630
50.000000 0.000000 1.633830 1.496835 1.643785 1.501896
0.000000 2.500000 1.578732 1.481376 1.455660 1.576118
2.500000 2.500000 1.551909 1.449339 1.637122 1.589757
5.000000 2.500000 1.379637 1.497233 1.434077 1.501550
7.500000 2.500000 1.627573 1.457960 1.505206 1.683062
10.000000 2.500000 1.424299 1.392897 1.549428 1.652754
12.500000 2.500000 1.682940 1.435889 1.510960 1.651098
15.000000 2.500000 1.482537 1.448846 1.608670 1.488246
17.500000 2.500000 1.413047 1.409069 1.513850 1.388748
20.000000 2.500000 1.484454 1.674593 1.435014 1.567583
22.500000 2.500000 1.621882 1.680447 1.548611 1.493539
25.000000 2.500000 1.530425 1.507764 1.380551 1.641689
27.500000 2.500000 1.682753 1.405494 1.396400 1.427271
30.000000 2.500000 1.458838 1.549143 1.443338 1.596792
32.500000 2.500000 1.416545 1.637297 1.425267 1.591896
35.000000 2.500000 1.564042 1.456792 1.655880 1.601685
37.500000 2.500000 1.477062 1.390104 1.517648 1.501399
40.000000 2.500000 1.405673 1.396279 1.515522 1.644266
42.500000 2.500000 1.428333 1.623615 1.545765 1.382074
45.000000 2.500000 1.426729 1.386873 1.521119 1.596583
47.500000 2.500000 1.667438 1.583274 1.681884 1.556051
50.000000 2.500000 1.651065 1.464028 1.637195 1.547819
0.000000 5.000000 1.450474 1.472721 1.660210 1.531634
2.500000 5.000000 1.623736 1.627129 1.523306 1.641891
5.000000 5.000000 1.497520 1.493819 1.475346 1.612655
7.500000 5.000000 1.644892 1.550775 1.629079 1.541903
10.000000 5.000000 1.399246 1.399475 1.497404 1.380639
12.500000 5.000000 1.584349 1.665581 1.529226 1.591432
15.000000 5.000000 1.654403 1.584922 1.521952 1.502038
17.500000 5.000000 1.624971 1.480712 1.654216 1.434528
20.000000 5.000000 1.493960 1.394604 1.618738 1.662055
22.500000 5.000000 1.626451 1.619434 1.402881 1.559350
25.000000 5.000000 1.604835 1.556153 1.447867 1.427719
27.500000 5.000000 1.586495 1.651441 1.577385 1.531465
30.000000 5.000000 1.532637 1.615124 1.507906 1.537676
32.500000 5.000000 1.384084 1.415248 1.643564 1.630623
35.000000 5.000000 1.427582 1.666036 1.458195 1.489303
37.500000 5.000000 1.438012 1.387630 1.506397 1.581190
40.000000 5.000000 1.444633 1.384317 1.567409 1.682869
42.500000 5.000000 1.553462 1.456523 1.432845 1.526302
45.000000 5.000000 1.680016 1.618858 1.412562 1.638877
47.500000 5.000000 1.674789 1.400478 1.511344 1.539200
50.000000 5.000000 1.653234 1.648305 1.502255 1.415778
0.000000 7.500000 1.525006 1.618372 1.388870 1.580100
2.500000 7.500000 1.630882 1.604975 1.451963 1.449067
5.000000 7.500000 1.664627 1.429261 1.516447 1.577266
7.500000 7.500000 1.383330 1.500728 1.438121 1.621839
10.000000 7.500000 1.534681 1.479947 1.641811 1.544702
12.500000 7.500000 1.578924 1.490208 1.464292 1.592519
15.000000 7.500000 1.480286 1.479680 1.417300 1.579104
17.500000 7.500000 1.380894 1.533976 1.435839 1.652019
20.000000 7.500000 1.576657 1.378737 1.546985 1.659826
22.500000 7.500000 1.379142 1.583182 1.649500 1.434251
25.000000 7.500000 1.400321 1.387401 1.543729 1.640009
27.500000 7.500000 1.431852 1.546496 1.462919 1.671529
30.000000 7.500000 1.518345 1.539986 1.382944 1.599318
32.500000 7.500000 1.642987 1.470418 1.569610 1.674152
35.000000 7.500000 1.594900 1.630734 1.569358 1.560988
37.500000 7.500000 1.668107 1.573957 1.447574 1.666881
40.000000 7.500000 1.619374 1.623168 1.470334 1.507076
42.500000 7.500000 1.541187 1.480576 1.627156 1.679466
45.000000 7.500000 1.656123 1.444700 1.671197 1.446907
47.500000 7.500000 1.683228 1.418931 1.657328 1.441519
50.000000 7.500000 1.438921 1.637655 1.511900 1.652111
0.000000 10.000000 1.394742 1.591143 1.524384 1.519244
2.500000 10.000000 1.395614 1.583266 1.520258 1.441458
5.000000 10.000000 1.522195 1.449351 1.460193 1.616215
7.500000 10.000000 1.653022 1.506610 1.436818 1.514450
10.000000 10.000000 1.563726 1.660271 1.474058 1.424469
12.500000 10.000000 1.546554 1.478452 1.465522 1.460080
15.000000 10.000000 1.384305 1.517263 1.544924 1.638465
17.500000 10.000000 1.418936 1.491732 1.598674 1.600755
20.000000 10.000000 1.423261 1.539300 1.655695 1.416663
22.500000 10.000000 1.480081 1.665118 1.523798 1.458021
25.000000 10.000000 1.635163 1.565548 1.623715 1.525989
27.500000 10.000000 1.399520 1.647804 1.427778 1.433878
30.000000 10.000000 1.414740 1.548548 1.417915 1.539237
32.500000 10.000000 1.585237 1.593852 1.627717 1.623385
35.000000 10.000000 1.674062 1.510407 1.557361 1.574765
37.500000 10.000000 1.421237 1.434050 1.423049 1.549007
40.000000 10.000000 1.441439 1.651108 1.615325 1.579725
42.500000 10.000000 1.668677 1.582951 1.523178 1.675745
45.000000 10.000000 1.493559 1.433284 1.465136 1.453811
47.500000 10.000000 1.579077 1.645076 1.566411 1.434628
50.000000 10.000000 1.676043 1.622958 1.663322 1.635737
0.000000 12.500000 1.637936 1.406880 1.676904 1.594680
2.500000 12.500000 1.399457 1.666093 1.659496 1.561687
5.000000 12.500000 1.650698 1.381101 1.439761 1.549179
7.500000 12.500000 1.662645 1.638287 1.640784 1.528705
10.000000 12.500000 1.506331 1.400247 1.486714 1.407817
12.500000 12.500000 1.582921 1.631802 1.526537 1.626740
15.000000 12.500000 1.452050 1.552393 1.677975 1.517029
17.500000 12.500000 1.591176 1.449611 1.509805 1.630693
20.000000 12.500000 1.677368 1.662688 1.467308 1.643543
22.500000 12.500000 1.557174 1.533825 1.633690 1.654577
25.000000 12.500000 1.475584 1.453844 1.644705 1.504796
27.500000 12.500000 1.475527 1.554380 1.486598 1.607900
30.000000 12.500000 1.597090 1.406035 1.632964 1.426745
32.500000 12.500000 1.431423 1.465782 1.443157 1.415801
35.000000 12.500000 1.552698 1.603357 1.393335 1.659383
37.500000 12.500000 1.466186 1.619706 1.625545 1.497529
40.000000 12.500000 1.437279 1.623308 1.522578 1.684240
42.500000 12.500000 1.601030 1.478697 1.676252 1.467200
45.000000 12.500000 1.427960 1.387658 1.521405 1.490037
47.500000 12.500000 1.679872 1.449679 1.678706 1.399671
50.000000 12.500000 1.609467 1.634978 1.526181 1.467176
0.000000 15.000000 1.446920 1.570710 1.547719 1.647574
2.500000 15.000000 1.572232 1.535699 1.587887 1.668671
5.000000 15.000000 1.625560 1.507231 1.379820 1.619280
7.500000 15.000000 1.665263 1.438441 1.648444 1.445442
10.000000 15.000000 1.550458 1.418321 1.664304 1.415777
12.500000 15.000000 1.386205 1.657437 1.674187 1.649033
15.000000 15.000000 1.574356 1.413471 1.512573 1.487124
17.500000 15.000000 1.648689 1.644220 1.558849 1.468101
20.000000 15.000000 1.556289 1.573714 1.418375 1.677917
22.500000 15.000000 1.641155 1.568899 1.434440 1.522386
25.000000 15.000000 1.597191 1.682467 1.395707 1.522457
27.500000 15.000000 1.678000 1.646874 1.391614 1.511482
30.000000 15.000000 1.404557 1.527518 1.675700 1.606627
32.500000 15.000000 1.562451 1.667875 1.673902 1.448471
35.000000 15.000000 1.594434 1.523250 1.650562 1.593453
37.500000 15.000000 1.609412 1.493126 1.605829 1.635132
40.000000 15.000000 1.552669 1.453766 1.426163 1.383560
42.500000 15.000000 1.432705 1.454735 1.395407 1.512936
45.000000 15.000000 1.389553 1.618188 1.565714 1.593762
47.500000 15.000000 1.584895 1.450592 1.642524 1.384688
50.000000 15.000000 1.458386 1.656433 1.572256 1.677641
0.000000 17.500000 1.441783 1.679983 1.656828 1.465197
2.500000 17.500000 1.657462 1.484117 1.619586 1.449456
5.000000 17.500000 1.526278 1.627084 1.494583 1.473672
7.500000 17.500000 1.425074 1.478412 1.608688 1.419993
10.000000 17.500000 1.603617 1.563034 1.429257 1.582835
12.500000 17.500000 1.629399 1.495980 1.393701 1.544713
15.000000 17.500000 1.441616 1.641235 1.566515 1.599634
17.500000 17.500000 1.474135 1.412800 1.476116 1.429320
20.000000 17.500000 1.592265 1.476355 1.456023 1.444587
22.500000 17.500000 1.451786 1.516167 1.530068 1.455196
25.000000 17.500000 1.459029 1.593609 1.627086 1.671962
27.500000 17.500000 1.398372 1.570388 1.539039 1.491405
30.000000 17.500000 1.419337 1.612475 1.403526 1.603412
32.500000 17.500000 1.444001 1.435282 1.596033 1.512726
35.000000 17.500000 1.587611 1.500618 1.518315 1.613539
37.500000 17.500000 1.654781 1.605573 1.472313 1.593250
40.000000 17.500000 1.625019 1.625171 1.473207 1.622901
42.500000 17.500000 1.677782 1.379823 1.392779 1.456127
45.000000 17.500000 1.459237 1.444155 1.499819 1.654633
47.500000 17.500000 1.645114 1.561479 1.433133 1.677924
50.000000 17.500000 1.419337 1.659682 1.514490 1.410741
0.000000 20.000000 1.616832 1.552203 1.567810 1.477414
2.500000 20.000000 1.469086 1.508659 1.497613 1.390976
5.000000 20.000000 1.438933 1.605371 1.649989 1.428333
7.500000 20.000000 1.678849 1.585367 1.510974 1.481796
10.000000 20.000000 1.575790 1.528966 1.633658 1.622126
12.500000 20.000000 1.555339 1.453167 1.636296 1.428682
15.000000 20.000000 1.674276 1.576035 1.614198 1.507714
17.500000 20.000000 1.631911 1.457575 1.561809 1.647998
20.000000 20.000000 1.601602 1.476326 1.497226 1.410193
22.500000 20.000000 1.540406 1.590355 1.624236 1.460725
25.000000 20.000000 1.466969 1.622178 1.613189 1.544209
27.500000 20.000000 1.522357 1.613772 1.677235 1.491436
30.000000 20.000000 1.497144 1.495875 1.401804 1.409949
32.500000 20.000000 1.485127 1.601583 1.670703 1.588537
35.000000 20.000000 1.476351 1.654351 1.563290 1.408798
37.500000 20.000000 1.586126 1.623395 1.444619 1.647921
40.000000 20.000000 1.399413 1.624002 1.634874 1.523998
42.500000 20.000000 1.642532 1.442387 1.482624 1.501723
45.000000 20.000000 1.474440 1.525598 1.657882 1.495304
47.500000 20.000000 1.382808 1.564519 1.453028 1.654987
50.000000 20.000000 1.665523 1.501387 1.547787 1.657436
0.000000 22.500000 1.437514 1.682939 1.443651 1.663852
2.500000 22.500000 1.600259 1.623942 1.424375 1.582974
5.000000 22.500000 1.614117 1.487562 1.614627 1.599722
7.500000 22.500000 1.609960 1.579566 1.493618 1.573305
10.000000 22.500000 1.445047 1.476119 1.562526 1.386514
12.500000 22.500000 1.429049 1.486037 1.447779 1.662125
15.000000 22.500000 1.435211 1.519614 1.651958 1.395920
17.500000 22.500000 1.545104 1.622654 1.636950 1.666126
20.000000 22.500000 1.662487 1.522442 1.453582 1.589314
22.500000 22.500000 1.418417 1.507943 1.442826 1.640220
25.000000 22.500000 1.617829 1.632753 1.566850 1.574479
27.500000 22.500000 1.618723 1.548971 1.648752 1.432811
30.000000 22.500000 1.388721 1.560119 1.608279 1.591644
32.500000 22.500000 1.606390 1.421651 1.679365 1.497017
35.000000 22.500000 1.418176 1.566735 1.385911 1.626181
37.500000 22.500000 1.410123 1.595170 1.625053 1.569518
40.000000 22.500000 1.643452 1.542623 1.672321 1.522753
42.500000 22.500000 1.465075 1.638856 1.653118 1.630254
45.000000 22.500000 1.607416 1.552288 1.604045 1.561961
47.500000 22.500000 1.582798 1.551736 1.385109 1.566389
50.000000 22.500000 1.442480 1.443147 1.640439 1.398541
0.000000 25.000000 1.392828 1.421389 1.664526 1.636253
2.500000 25.000000 1.593725 1.504213 1.399820 1.625360
5.000000 25.000000 1.681403 1.587887 1.684271 1.389494
7.500000 25.000000 1.552959 1.656236 1.467319 1.451843
10.000000 25.000000 1.648343 1.654620 1.491643 1.385696
12.500000 25.000000 1.415213 1.639218 1.391288 1.679673
15.000000 25.000000 1.451506 1.464420 1.678347 1.394020
17.500000 25.000000 1.408307 1.613253 1.519594 1.400406
20.000000 25.000000 1.601515 1.437788 1.666033 1.443228
22.500000 25.000000 1.597609 1.492215 1.587743 1.469050
25.000000 25.000000 1.666463 1.490389 1.654952 1.384749
27.500000 25.000000 1.592094 1.406531 1.461396 1.500516
30.000000 25.000000 1.528640 1.619659 1.534676 1.541179
32.500000 25.000000 1.471136 1.549341 1.471679 1.442440
35.000000 25.000000 1.452843 1.488429 1.457791 1.637850
37.500000 25.000000 1.402653 1.474046 1.401660 1.518673
40.000000 25.000000 1.396331 1.458641 1.532131 1.453106
42.500000 25.000000 1.551933 1.496089 1.469602 1.549170
45.000000 25.000000 1.427703 1.675144 1.403120 1.612146
47.500000 25.000000 1.618091 1.506140 1.646548 1.532410
50.000000 25.000000 1.508694 1.382703 1.528499 1.378717
0.000000 27.500000 1.422440 1.493464 1.611050 1.403066
2.500000 27.500000 1.495581 1.675207 1.393861 1.512341
5.000000 27.500000 1.512797 1.481808 1.618403 1.568352
7.500000 27.500000 1.405285 1.599001 1.623149 1.456249
10.000000 27.500000 1.621579 1.526857 1.380858 1.674388
12.500000 27.500000 1.617882 1.423361 1.508345 1.454210
15.000000 27.500000 1.553852 1.626448 1.646039 1.454525
17.500000 27.500000 1.436457 1.632662 1.532883 1.626525
20.000000 27.500000 1.446520 1.577755 1.651938 1.437555
22.500000 27.500000 1.509670 1.630091 1.552895 1.666827
25.000000 27.500000 1.675035 1.634860 1.392592 1.428464
27.500000 27.500000 1.632719 1.462635 1.586881 1.678539
30.000000 27.500000 1.513940 1.575912 1.415870 1.406915
32.500000 27.500000 1.640401 1.634946 1.569607 1.453850
35.000000 27.500000 1.517401 1.434458 1.472831 1.456916
37.500000 27.500000 1.584597 1.616626 1.421034 1.504522
40.000000 27.500000 1.461717 1.621542 1.625708 1.587355
42.500000 27.500000 1.491450 1.395826 1.473134 1.419708
45.000000 27.500000 1.639773 1.619559 1.427520 1.673676
47.500000 27.500000 1.448128 1.504515 1.598370 1.650576
50.000000 27.500000 1.611378 1.652833 1.530912 1.416534
0.000000 30.000000 1.674677 1.379400 1.647717 1.500968
2.500000 30.000000 1.595858 1.544343 1.492442 1.656155
5.000000 30.000000 1.483531 1.634620 1.527199 1.509924
7.500000 30.000000 1.598517 1.610639 1.552040 1.426950
10.000000 30.000000 1.515272 1.453758 1.575728 1.408217
12.500000 30.000000 1.523495 1.380658 1.532092 1.422963
15.000000 30.000000 1.505233 1.616201 1.388423 1.505948
17.500000 30.000000 1.644691 1.471991 1.407455 1.439813
20.000000 30.000000 1.380136 1.490455 1.507889 1.636500
22.500000 30.000000 1.627175 1.499682 1.626012 1.460306
25.000000 30.000000 1.652380 1.612097 1.620552 1.583315
27.500000 30.000000 1.508883 1.427895 1.448595 1.677117
30.000000 30.000000 1.472662 1.498674 1.489696 1.517598
32.500000 30.000000 1.382883 1.434836 1.534303 1.485242
35.000000 30.000000 1.552342 1.625380 1.483180 1.536689
37.500000 30.000000 1.670255 1.385620 1.426727 1.545869
40.000000 30.000000 1.459013 1.474533 1.465161 1.402907
42.500000 30.000000 1.579021 1.443532 1.591461 1.578530
45.000000 30.000000 1.580686 1.419979 1.521249 1.499860
47.500000 30.000000 1.564617 1.570403 1.490226 1.428179
50.000000 30.000000 1.386980 1.623378 1.604681 1.393354
0.000000 32.500000 1.576565 1.654970 1.531504 1.436308
2.500000 32.500000 1.574585 1.567919 1.616495 1.595607
5.000000 32.500000 1.604697 1.550988 1.671806 1.570541
7.500000 32.500000 1.553648 1.678169 1.435018 1.466182
10.000000 32.500000 1.661168 1.531393 1.444536 1.629462
12.500000 32.500000 1.513437 1.470215 1.389002 1.509879
15.000000 32.500000 1.663015 1.444732 1.476046 1.524000
17.500000 32.500000 1.675177 1.608500 1.400541 1.641289
20.000000 32.500000 1.441369 1.682635 1.587535 1.485030
22.500000 32.500000 1.629784 1.425893 1.521963 1.502950
25.000000 32.500000 1.511061 1.493097 1.639118 1.450416
27.500000 32.500000 1.587071 1.452037 1.450369 1.546329
30.000000 32.500000 1.383913 1.385810 1.634800 1.529685
32.500000 32.500000 1.418922 1.646479 1.571386 1.517130
35.000000 32.500000 1.577296 1.448293 1.384805 1.502542
37.500000 32.500000 1.519792 1.606139 1.465408 1.664700
40.000000 32.500000 1.630109 1.452100 1.672216 1.480159
42.500000 32.500000 1.547360 1.487891 1.580209 1.476922
45.000000 32.500000 1.614351 1.473957 1.425669 1.448907
47.500000 32.500000 1.446173 1.455536 1.545052 1.550992
50.000000 32.500000 1.600714 1.449034 1.520040 1.684040
0.000000 35.000000 1.431978 1.577425 1.533361 1.470753
2.500000 35.000000 1.397935 1.480653 1.425219 1.405730
5.000000 35.000000 1.418297 1.634495 1.379936 1.659795
7.500000 35.000000 1.590186 1.666456 1.566725 1.444654
10.000000 35.000000 1.499563 1.396734 1.512744 1.451766
12.500000 35.000000 1.618158 1.547864 1.645437 1.643164
15.000000 35.000000 1.610414 1.636926 1.390597 1.491975
17.500000 35.000000 1.510431 1.465514 1.600442 1.482874
20.000000 35.000000 1.591186 1.460776 1.498013 1.549646
22.500000 35.000000 1.476144 1.658840 1.662532 1.617677
25.000000 35.000000 1.676712 1.384557 1.497322 1.631029
27.500000 35.000000 1.550210 1.656430 1.483234 1.457478
30.000000 35.000000 1.446200 1.486133 1.682817 1.451498
32.500000 35.000000 1.501593 1.605333 1.498296 1.398821
35.000000 35.000000 1.591419 1.458733 1.604106 1.493090
37.500000 35.000000 1.517013 1.610927 1.407468 1.461122
40.000000 35.000000 1.519436 1.455426 1.578654 1.401936
42.500000 35.000000 1.393880 1.601832 1.633618 1.497687
45.000000 35.000000 1.673689 1.664508 1.528814 1.440028
47.500000 35.000000 1.617565 1.657781 1.410835 1.580776
50.000000 35.000000 1.456260 1.411336 1.682568 1.614727
0.000000 37.500000 1.404104 1.437833 1.684149 1.531489
2.500000 37.500000 1.496192 1.466405 1.534574 1.410810
5.000000 37.500000 1.667023 1.640153 1.587515 1.518273
7.500000 37.500000 1.433867 1.414540 1.567537 1.531362
10.000000 37.500000 1.551952 1.508095 1.534747 1.675299
12.500000 37.500000 1.462078 1.529085 1.543561 1.530249
15.000000 37.500000 1.497797 1.454162 1.491236 1.432768
17.500000 37.500000 1.395238 1.646564 1.599037 1.662434
20.000000 37.500000 1.513071 1.558947 1.562827 1.664986
22.500000 37.500000 1.478916 1.515462 1.473588 1.438511
25.000000 37.500000 1.608887 1.591962 1.588333 1.675510
27.500000 37.500000 1.575839 1.535910 1.660787 1.393681
30.000000 37.500000 1.381301 1.640905 1.654774 1.655872
32.500000 37.500000 1.562107 1.508434 1.436226 1.608199
35.000000 37.500000 1.447917 1.481557 1.514646 1.559765
37.500000 37.500000 1.558575 1.541547 1.555874 1.449012
40.000000 37.500000 1.480155 1.508633 1.478933 1.655396
42.500000 37.500000 1.461874 1.563686 1.424398 1.482725
45.000000 37.500000 1.645046 1.484065 1.637927 1.511438
47.500000 37.500000 1.503874 1.562885 1.577258 1.436509
50.000000 37.500000 1.665504 1.423135 1.476920 1.604016
0.000000 40.000000 1.661746 1.567958 1.643835 1.405803
2.500000 40.000000 1.626921 1.607797 1.410564 1.651794
5.000000 40.000000 1.397069 1.476197 1.389930 1.435539
7.500000 40.000000 1.621420 1.410527 1.506286 1.541750
10.000000 40.000000 1.397379 1.543218 1.642224 1.484429
12.500000 40.000000 1.627981 1.406016 1.516175 1.501460
15.000000 40.000000 1.462441 1.462907 1.436782 1.621330
17.500000 40.000000 1.624851 1.409627 1.564092 1.387039
20.000000 40.000000 1.653169 1.636618 1.479564 1.483437
22.500000 40.000000 1.489083 1.430630 1.502020 1.547116
25.000000 40.000000 1.625820 1.414108 1.615300 1.595869
27.500000 40.000000 1.528410 1.637382 1.501659 1.559471
30.000000 40.000000 1.618849 1.661064 1.506270 1.591558
32.500000 40.000000 1.619460 1.394574 1.648056 1.499034
35.000000 40.000000 1.666675 1.679747 1.392801 1.441244
37.500000 40.000000 1.620002 1.640708 1.522488 1.519222
40.000000 40.000000 1.507944 1.537818 1.627274 1.658436
42.500000 40.000000 1.386178 1.607566 1.599739 1.668797
45.000000 40.000000 1.508831 1.605537 1.537266 1.405358
47.500000 40.000000 1.556996 1.648046 1.580945 1.649445
50.000000 40.000000 1.407283 1.525589 1.492532 1.411281
0.000000 42.500000 1.452498 1.483565 1.549361 1.474319
2.500000 42.500000 1.550272 1.478721 1.435328 1.413169
5.000000 42.500000 1.607046 1.665114 1.489859 1.389896
7.500000 42.500000 1.546605 1.652169 1.632877 1.456624
10.000000 42.500000 1.501623 1.643545 1.394705 1.565855
12.500000 42.500000 1.405285 1.429399 1.470818 1.616459
15.000000 42.500000 1.548527 1.453207 1.408073 1.417327
17.500000 42.500000 1.432611 1.496328 1.582085 1.682113
20.000000 42.500000 1.497950 1.452114 1.611018 1.392444
22.500000 42.500000 1.381696 1.563567 1.617797 1.410982
25.000000 42.500000 1.561944 1.558208 1.680488 1.395879
27.500000 42.500000 1.578808 1.669743 1.632912 1.451119
30.000000 42.500000 1.547212 1.380503 1.639536 1.650976
32.500000 42.500000 1.552163 1.681721 1.538934 1.580469
35.000000 42.500000 1.491006 1.457523 1.561886 1.453513
37.500000 42.500000 1.546646 1.534013 1.614910 1.582412
40.000000 42.500000 1.675952 1.592825 1.642173 1.386132
42.500000 42.500000 1.579284 1.669764 1.454691 1.678066
45.000000 42.500000 1.606121 1.525707 1.578219 1.421770
47.500000 42.500000 1.584314 1.640804 1.652144 1.393180
50.000000 42.500000 1.499287 1.552965 1.519323 1.585190
0.000000 45.000000 1.465350 1.592431 1.418223 1.515872
2.500000 45.000000 1.394022 1.664659 1.534089 1.412139
5.000000 45.000000 1.596336 1.461771 1.478075 1.484792
7.500000 45.000000 1.463605 1.513938 1.655437 1.676394
10.000000 45.000000 1.603905 1.502249 1.495570 1.416978
12.500000 45.000000 1.407858 1.527850 1.424565 1.506183
15.000000 45.000000 1.381697 1.679997 1.393296 1.653016
17.500000 45.000000 1.668811 1.659837 1.559303 1.660438
20.000000 45.000000 1.539680 1.653203 1.627533 1.413201
22.500000 45.000000 1.657090 1.678705 1.416539 1.390128
25.000000 45.000000 1.626839 1.547342 1.603358 1.460592
27.500000 45.000000 1.601115 1.512651 1.518295 1.480515
30.000000 45.000000 1.505088 1.438467 1.512402 1.405256
32.500000 45.000000 1.492045 1.632872 1.652867 1.446178
35.000000 45.000000 1.480913 1.413926 1.389517 1.587581
37.500000 45.000000 1.487671 1.631016 1.401372 1.451815
40.000000 45.000000 1.537046 1.516694 1.578965 1.623375
42.500000 45.000000 1.515214 1.511771 1.397846 1.660993
45.000000 45.000000 1.483602 1.457755 1.617610 1.459746
47.500000 45.000000 1.611380 1.556293 1.423889 1.654137
50.000000 45.000000 1.519976 1.500980 1.383116 1.664790
0.000000 47.500000 1.542324 1.386870 1.646067 1.545778
2.500000 47.500000 1.495966 1.536471 1.463928 1.647386
5.000000 47.500000 1.404160 1.634089 1.551582 1.464446
7.500000 47.500000 1.480362 1.444223 1.441247 1.379751
10.000000 47.500000 1.431299 1.465556 1.631536 1.549937
12.500000 47.500000 1.682351 1.672596 1.589900 1.455899
15.000000 47.500000 1.490582 1.468786 1.677055 1.486779
17.500000 47.500000 1.541946 1.497349 1.578670 1.402559
20.000000 47.500000 1.627426 1.460516 1.567682 1.661248
22.500000 47.500000 1.391732 1.498447 1.389973 1.550969
25.000000 47.500000 1.527724 1.430383 1.508943 1.477107
27.500000 47.500000 1.573363 1.461281 1.388658 1.378691
30.000000 47.500000 1.599395 1.513587 1.625947 1.622752
32.500000 47.500000 1.435570 1.669435 1.529896 1.509632
35.000000 47.500000 1.458805 1.415189 1.678316 1.449138
37.500000 47.500000 1.550705 1.569531 1.479381 1.491956
40.000000 47.500000 1.650367 1.479185 1.589034 1.673585
42.500000 47.500000 1.585246 1.553238 1.619812 1.401288
45.000000 47.500000 1.617624 1.609550 1.479184 1.483491
47.500000 47.500000 1.396234 1.479737 1.431972 1.481167
50.000000 47.500000 1.424925 1.611881 1.491245 1.485602
0.000000 50.000000 1.600461 1.455420 1.593686 1.534401
2.500000 50.000000 1.492122 1.496602 1.673669 1.610561
5.000000 50.000000 1.638969 1.460591 1.392796 1.678266
7.500000 50.000000 1.527400 1.478522 1.435727 1.413284
10.000000 50.000000 1.520929 1.443401 1.423351 1.401370
12.500000 50.000000 1.581076 1.620319 1.476222 1.499476
15.000000 50.000000 1.466791 1.516321 1.644828 1.523581
17.500000 50.000000 1.678379 1.545001 1.472734 1.500378
20.000000 50.000000 1.389093 1.596735 1.682324 1.437488
22.500000 50.000000 1.410343 1.499467 1.486334 1.443813
25.000000 50.000000 1.518591 1.605059 1.551003 1.587327
27.500000 50.000000 1.678610 1.582329 1.580148 1.501811
30.000000 50.000000 1.381667 1.481807 1.621067 1.666579
32.500000 50.000000 1.536456 1.411084 1.622133 1.493973
35.000000 50.000000 1.393763 1.613955 1.551553 1.532980
37.500000 50.000000 1.402829 1.492599 1.617003 1.588076
40.000000 50.000000 1.539085 1.488286 1.612784 1.523608
42.500000 50.000000 1.620164 1.574792 1.598764 1.545892
45.000000 50.000000 1.561617 1.557891 1.666062 1.635451
47.500000 50.000000 1.385002 1.390529 1.458815 1.385712
50.000000 50.000000 1.487214 1.654823 1.573272 1.581742
