0.000000 0.000000 0.000000 0.000000 0.050492 0.047967
2.500000 0.000000 0.000000 0.000000 0.043528 0.047234
5.000000 0.000000 0.000000 0.000000 0.048176 0.043979
7.500000 0.000000 0.000000 0.000000 0.042589 0.047962
10.000000 0.000000 0.000000 0.000000 0.051210 0.042972
12.500000 0.000000 0.000000 0.000000 0.049045 0.049456
15.000000 0.000000 0.000000 0.000000 0.048210 0.046041
17.500000 0.000000 0.000000 0.000000 0.044468 0.044194
20.000000 0.000000 0.000000 0.000000 0.047028 0.046002
22.500000 0.000000 0.000000 0.000000 0.046420 0.042771
25.000000 0.000000 0.000000 0.000000 0.049284 0.045778
27.500000 0.000000 0.000000 0.000000 0.044252 0.048536
30.000000 0.000000 0.000000 0.000000 0.042976 0.043555
32.500000 0.000000 0.000000 0.000000 0.049687 0.044289
35.000000 0.000000 0.000000 0.000000 0.045915 0.042901
37.500000 0.000000 0.000000 0.000000 0.048799 0.050745
40.000000 0.000000 0.000000 0.000000 0.049558 0.046704
42.500000 0.000000 0.000000 0.000000 0.043668 0.049862
45.000000 0.000000 0.000000 0.000000 0.044780 0.045252
47.500000 0.000000 0.000000 0.000000 0.046604 0.043589
50.000000 0.000000 0.000000 0.000000 0.049883 0.051234
0.000000 2.500000 0.000000 0.000000 0.049342 0.042733
2.500000 2.500000 0.000000 0.000000 0.044238 0.050066
5.000000 2.500000 0.000000 0.000000 0.049203 0.047751
7.500000 2.500000 0.000000 0.000000 0.049007 0.042966
10.000000 2.500000 0.000000 0.000000 0.048907 0.049227
12.500000 2.500000 0.000000 0.000000 0.046966 0.042230
15.000000 2.500000 0.000000 0.000000 0.045553 0.047285
17.500000 2.500000 0.000000 0.000000 0.050465 0.049453
20.000000 2.500000 0.000000 0.000000 0.047980 0.050458
22.500000 2.500000 0.000000 0.000000 0.050765 0.047060
25.000000 2.500000 0.000000 0.000000 0.046416 0.051025
27.500000 2.500000 0.000000 0.000000 0.044837 0.045199
30.000000 2.500000 0.000000 0.000000 0.042328 0.046269
32.500000 2.500000 0.000000 0.000000 0.047287 0.049757
35.000000 2.500000 0.000000 0.000000 0.049597 0.049939
37.500000 2.500000 0.000000 0.000000 0.048409 0.044677
40.000000 2.500000 0.000000 0.000000 0.043489 0.048174
42.500000 2.500000 0.000000 0.000000 0.048529 0.045947
45.000000 2.500000 0.000000 0.000000 0.050973 0.047239
47.500000 2.500000 0.000000 0.000000 0.042414 0.050462
50.000000 2.500000 0.000000 0.000000 0.046094 0.044697
0.000000 5.000000 0.000000 0.000000 0.050377 0.050585
2.500000 5.000000 0.000000 0.000000 0.047545 0.046030
5.000000 5.000000 0.000000 0.000000 0.046947 0.042998
7.500000 5.000000 0.000000 0.000000 0.042883 0.042149
10.000000 5.000000 0.000000 0.000000 0.048306 0.050452
12.500000 5.000000 0.000000 0.000000 0.050078 0.045101
15.000000 5.000000 0.000000 0.000000 0.044933 0.050993
17.500000 5.000000 0.000000 0.000000 0.048485 0.046368
20.000000 5.000000 0.000000 0.000000 0.042814 0.049931
22.500000 5.000000 0.000000 0.000000 0.042635 0.045641
25.000000 5.000000 0.000000 0.000000 0.047542 0.051157
27.500000 5.000000 0.000000 0.000000 0.049589 0.050931
30.000000 5.000000 0.000000 0.000000 0.043597 0.045908
32.500000 5.000000 0.000000 0.000000 0.049415 0.047664
35.000000 5.000000 0.000000 0.000000 0.042886 0.042931
37.500000 5.000000 0.000000 0.000000 0.048478 0.048417
40.000000 5.000000 0.000000 0.000000 0.044808 0.047465
42.500000 5.000000 0.000000 0.000000 0.046915 0.042420
45.000000 5.000000 0.000000 0.000000 0.048292 0.049850
47.500000 5.000000 0.000000 0.000000 0.045380 0.049668
50.000000 5.000000 0.000000 0.000000 0.045110 0.045391
0.000000 7.500000 0.000000 0.000000 0.050977 0.043621
2.500000 7.500000 0.000000 0.000000 0.044828 0.047420
5.000000 7.500000 0.000000 0.000000 0.048759 0.049383
7.500000 7.500000 0.000000 0.000000 0.043938 0.047382
10.000000 7.500000 0.000000 0.000000 0.043531 0.050746
12.500000 7.500000 0.000000 0.000000 0.044618 0.048609
15.000000 7.500000 0.000000 0.000000 0.049970 0.044710
17.500000 7.500000 0.000000 0.000000 0.048935 0.050432
20.000000 7.500000 0.000000 0.000000 0.045239 0.049498
22.500000 7.500000 0.000000 0.000000 0.045618 0.048194
25.000000 7.500000 0.000000 0.000000 0.048410 0.048566
27.500000 7.500000 0.000000 0.000000 0.043508 0.049902
30.000000 7.500000 0.000000 0.000000 0.043273 0.042502
32.500000 7.500000 0.000000 0.000000 0.046080 0.045137
35.000000 7.500000 0.000000 0.000000 0.050560 0.044930
37.500000 7.500000 0.000000 0.000000 0.043590 0.045118
40.000000 7.500000 0.000000 0.000000 0.050474 0.046117
42.500000 7.500000 0.000000 0.000000 0.048935 0.042970
45.000000 7.500000 0.000000 0.000000 0.047614 0.043489
47.500000 7.500000 0.000000 0.000000 0.046370 0.047111
50.000000 7.500000 0.000000 0.000000 0.042197 0.050983
0.000000 10.000000 0.000000 0.000000 0.046318 0.048855
2.500000 10.000000 0.000000 0.000000 0.042117 0.050967
5.000000 10.000000 0.000000 0.000000 0.049951 0.046777
7.500000 10.000000 0.000000 0.000000 0.051279 0.050440
10.000000 10.000000 0.000000 0.000000 0.043495 0.048710
12.500000 10.000000 0.000000 0.000000 0.048061 0.049599
15.000000 10.000000 0.000000 0.000000 0.046905 0.045499
17.500000 10.000000 0.000000 0.000000 0.045948 0.046417
20.000000 10.000000 0.000000 0.000000 0.043256 0.050388
22.500000 10.000000 0.000000 0.000000 0.043009 0.046481
25.000000 10.000000 0.000000 0.000000 0.046299 0.044887
27.500000 10.000000 0.000000 0.000000 0.047987 0.045547
30.000000 10.000000 0.000000 0.000000 0.050173 0.042709
32.500000 10.000000 0.000000 0.000000 0.049172 0.042263
35.000000 10.000000 0.000000 0.000000 0.047481 0.050260
37.500000 10.000000 0.000000 0.000000 0.048019 0.049068
40.000000 10.000000 0.000000 0.000000 0.044484 0.044933
42.500000 10.000000 0.000000 0.000000 0.050502 0.049219
45.000000 10.000000 0.000000 0.000000 0.049984 0.049323
47.500000 10.000000 0.000000 0.000000 0.049377 0.046132
50.000000 10.000000 0.000000 0.000000 0.045503 0.042399
0.000000 12.500000 0.000000 0.000000 0.045380 0.048115
2.500000 12.500000 0.000000 0.000000 0.050972 0.045748
5.000000 12.500000 0.000000 0.000000 0.047769 0.050572
7.500000 12.500000 0.000000 0.000000 0.047121 0.046119
10.000000 12.500000 0.000000 0.000000 0.047806 0.049472
12.500000 12.500000 0.000000 0.000000 0.045633 0.043548
15.000000 12.500000 0.000000 0.000000 0.048509 0.042927
17.500000 12.500000 0.000000 0.000000 0.049272 0.042396
20.000000 12.500000 0.000000 0.000000 0.048464 0.043111
22.500000 12.500000 0.000000 0.000000 0.047951 0.049418
25.000000 12.500000 0.000000 0.000000 0.050946 0.047101
27.500000 12.500000 0.000000 0.000000 0.042205 0.044957
30.000000 12.500000 0.000000 0.000000 0.050099 0.045654
32.500000 12.500000 0.000000 0.000000 0.050468 0.044763
35.000000 12.500000 0.000000 0.000000 0.043461 0.042858
37.500000 12.500000 0.000000 0.000000 0.046098 0.046523
40.000000 12.500000 0.000000 0.000000 0.051113 0.045784
42.500000 12.500000 0.000000 0.000000 0.045830 0.042862
45.000000 12.500000 0.000000 0.000000 0.049517 0.043231
47.500000 12.500000 0.000000 0.000000 0.048791 0.046386
50.000000 12.500000 0.000000 0.000000 0.042869 0.044927
0.000000 15.000000 0.000000 0.000000 0.049342 0.045488
2.500000 15.000000 0.000000 0.000000 0.049995 0.042846
5.000000 15.000000 0.000000 0.000000 0.043821 0.050978
7.500000 15.000000 0.000000 0.000000 0.045503 0.046700
10.000000 15.000000 0.000000 0.000000 0.047154 0.046960
12.500000 15.000000 0.000000 0.000000 0.045345 0.049568
15.000000 15.000000 0.000000 0.000000 0.050087 0.045620
17.500000 15.000000 0.000000 0.000000 0.050577 0.049106
20.000000 15.000000 0.000000 0.000000 0.051169 0.046969
22.500000 15.000000 0.000000 0.000000 0.047649 0.050915
25.000000 15.000000 0.000000 0.000000 0.048591 0.043880
27.500000 15.000000 0.000000 0.000000 0.049497 0.043088
30.000000 15.000000 0.000000 0.000000 0.050220 0.044479
32.500000 15.000000 0.000000 0.000000 0.042218 0.051220
35.000000 15.000000 0.000000 0.000000 0.046906 0.046618
37.500000 15.000000 0.000000 0.000000 0.045376 0.047339
40.000000 15.000000 0.000000 0.000000 0.050553 0.047410
42.500000 15.000000 0.000000 0.000000 0.048652 0.043106
45.000000 15.000000 0.000000 0.000000 0.047040 0.045717
47.500000 15.000000 0.000000 0.000000 0.044136 0.043939
50.000000 15.000000 0.000000 0.000000 0.045506 0.045041
0.000000 17.500000 0.000000 0.000000 0.046958 0.050424
2.500000 17.500000 0.000000 0.000000 0.045284 0.047356
5.000000 17.500000 0.000000 0.000000 0.048047 0.043546
7.500000 17.500000 0.000000 0.000000 0.043728 0.051308
10.000000 17.500000 0.000000 0.000000 0.047219 0.050218
12.500000 17.500000 0.000000 0.000000 0.049040 0.046334
15.000000 17.500000 0.000000 0.000000 0.050774 0.050136
17.500000 17.500000 0.000000 0.000000 0.046891 0.043871
20.000000 17.500000 0.000000 0.000000 0.049403 0.042649
22.500000 17.500000 0.000000 0.000000 0.048508 0.045562
25.000000 17.500000 0.000000 0.000000 0.049407 0.046763
27.500000 17.500000 0.000000 0.000000 0.051328 0.049653
30.000000 17.500000 0.000000 0.000000 0.050517 0.050417
32.500000 17.500000 0.000000 0.000000 0.049912 0.046048
35.000000 17.500000 0.000000 0.000000 0.047458 0.047715
37.500000 17.500000 0.000000 0.000000 0.049757 0.046440
40.000000 17.500000 0.000000 0.000000 0.048375 0.048056
42.500000 17.500000 0.000000 0.000000 0.042946 0.048795
45.000000 17.500000 0.000000 0.000000 0.045262 0.046202
47.500000 17.500000 0.000000 0.000000 0.047836 0.043664
50.000000 17.500000 0.000000 0.000000 0.051134 0.049013
0.000000 20.000000 0.000000 0.000000 0.045102 0.049070
2.500000 20.000000 0.000000 0.000000 0.046612 0.045167
5.000000 20.000000 0.000000 0.000000 0.051330 0.043722
7.500000 20.000000 0.000000 0.000000 0.043212 0.049529
10.000000 20.000000 0.000000 0.000000 0.049896 0.043778
12.500000 20.000000 0.000000 0.000000 0.042489 0.043841
15.000000 20.000000 0.000000 0.000000 0.044464 0.045935
17.500000 20.000000 0.000000 0.000000 0.048885 0.049162
20.000000 20.000000 0.000000 0.000000 0.049291 0.043078
22.500000 20.000000 0.000000 0.000000 0.046448 0.045707
25.000000 20.000000 0.000000 0.000000 0.048996 0.050276
27.500000 20.000000 0.000000 0.000000 0.045619 0.046317
30.000000 20.000000 0.000000 0.000000 0.044547 0.051131
32.500000 20.000000 0.000000 0.000000 0.045539 0.045347
35.000000 20.000000 0.000000 0.000000 0.046750 0.043212
37.500000 20.000000 0.000000 0.000000 0.044737 0.044116
40.000000 20.000000 0.000000 0.000000 0.048465 0.045182
42.500000 20.000000 0.000000 0.000000 0.043188 0.043716
45.000000 20.000000 0.000000 0.000000 0.046044 0.050726
47.500000 20.000000 0.000000 0.000000 0.044203 0.050846
50.000000 20.000000 0.000000 0.000000 0.045537 0.043814
0.000000 22.500000 0.000000 0.000000 0.046226 0.051223
2.500000 22.500000 0.000000 0.000000 0.047880 0.045452
5.000000 22.500000 0.000000 0.000000 0.050670 0.045566
7.500000 22.500000 0.000000 0.000000 0.051106 0.046626
10.000000 22.500000 0.000000 0.000000 0.049416 0.048227
12.500000 22.500000 0.000000 0.000000 0.049252 0.046426
15.000000 22.500000 0.000000 0.000000 0.043958 0.045581
17.500000 22.500000 0.000000 0.000000 0.048404 0.045681
20.000000 22.500000 0.000000 0.000000 0.047284 0.044723
22.500000 22.500000 0.000000 0.000000 0.042753 0.043042
25.000000 22.500000 0.000000 0.000000 0.045618 0.043541
27.500000 22.500000 0.000000 0.000000 0.046749 0.047923
30.000000 22.500000 0.000000 0.000000 0.048166 0.046176
32.500000 22.500000 0.000000 0.000000 0.048398 0.042905
35.000000 22.500000 0.000000 0.000000 0.048386 0.042104
37.500000 22.500000 0.000000 0.000000 0.048671 0.050133
40.000000 22.500000 0.000000 0.000000 0.047468 0.042817
42.500000 22.500000 0.000000 0.000000 0.046195 0.042637
45.000000 22.500000 0.000000 0.000000 0.046120 0.048911
47.500000 22.500000 0.000000 0.000000 0.050734 0.045809
50.000000 22.500000 0.000000 0.000000 0.046536 0.042131
0.000000 25.000000 0.012874 0.011579 0.047322 0.046665
2.500000 25.000000 0.012739 0.011093 0.049857 0.049987
5.000000 25.000000 0.013204 0.011141 0.050414 0.050966
7.500000 25.000000 0.012835 0.011892 0.046144 0.050956
10.000000 25.000000 0.012839 0.012167 0.048991 0.050922
12.500000 25.000000 0.012131 0.013098 0.047115 0.043968
15.000000 25.000000 0.011106 0.012238 0.047639 0.046484
17.500000 25.000000 0.012488 0.012043 0.046277 0.049393
20.000000 25.000000 0.011245 0.011248 0.047307 0.045884
22.500000 25.000000 0.011828 0.012060 0.046209 0.048522
25.000000 25.000000 0.012632 0.011419 0.048312 0.050887
27.500000 25.000000 0.012826 0.011989 0.043740 0.044070
30.000000 25.000000 0.010964 0.011274 0.048349 0.047321
32.500000 25.000000 0.013289 0.013152 0.042798 0.044838
35.000000 25.000000 0.012868 0.012643 0.045552 0.045413
37.500000 25.000000 0.011635 0.013152 0.046476 0.048103
40.000000 25.000000 0.011723 0.012186 0.047026 0.044036
42.500000 25.000000 0.012251 0.012656 0.046854 0.042760
45.000000 25.000000 0.012681 0.012875 0.049911 0.045267
47.500000 25.000000 0.013053 0.011645 0.050015 0.046845
50.000000 25.000000 0.013145 0.012004 0.043181 0.051029
0.000000 27.500000 0.012502 0.011028 0.000000 0.000000
2.500000 27.500000 0.011940 0.011062 0.000000 0.000000
5.000000 27.500000 0.011053 0.013076 0.000000 0.000000
7.500000 27.500000 0.011917 0.011218 0.000000 0.000000
10.000000 27.500000 0.010990 0.011909 0.000000 0.000000
12.500000 27.500000 0.013286 0.012771 0.000000 0.000000
15.000000 27.500000 0.010971 0.011425 0.000000 0.000000
17.500000 27.500000 0.012764 0.011309 0.000000 0.000000
20.000000 27.500000 0.011832 0.012823 0.000000 0.000000
22.500000 27.500000 0.011928 0.010970 0.000000 0.000000
25.000000 27.500000 0.010987 0.012633 0.000000 0.000000
27.500000 27.500000 0.012728 0.011230 0.000000 0.000000
30.000000 27.500000 0.013196 0.012915 0.000000 0.000000
32.500000 27.500000 0.012503 0.012965 0.000000 0.000000
35.000000 27.500000 0.012403 0.011781 0.000000 0.000000
37.500000 27.500000 0.012667 0.011368 0.000000 0.000000
40.000000 27.500000 0.012051 0.011610 0.000000 0.000000
42.500000 27.500000 0.011283 0.012574 0.000000 0.000000
45.000000 27.500000 0.012439 0.011148 0.000000 0.000000
47.500000 27.500000 0.011467 0.011711 0.000000 0.000000
50.000000 27.500000 0.012505 0.011227 0.000000 0.000000
0.000000 30.000000 0.011995 0.010973 0.000000 0.000000
2.500000 30.000000 0.012156 0.012450 0.000000 0.000000
5.000000 30.000000 0.012053 0.013306 0.000000 0.000000
7.500000 30.000000 0.012003 0.011931 0.000000 0.000000
10.000000 30.000000 0.012994 0.013082 0.000000 0.000000
12.500000 30.000000 0.012490 0.012747 0.000000 0.000000
15.000000 30.000000 0.011020 0.011684 0.000000 0.000000
17.500000 30.000000 0.012949 0.012784 0.000000 0.000000
20.000000 30.000000 0.011930 0.012226 0.000000 0.000000
22.500000 30.000000 0.013205 0.012652 0.000000 0.000000
25.000000 30.000000 0.011577 0.013143 0.000000 0.000000
27.500000 30.000000 0.013078 0.011220 0.000000 0.000000
30.000000 30.000000 0.012740 0.011871 0.000000 0.000000
32.500000 30.000000 0.013283 0.011455 0.000000 0.000000
35.000000 30.000000 0.013162 0.012316 0.000000 0.000000
37.500000 30.000000 0.012236 0.012836 0.000000 0.000000
40.000000 30.000000 0.011411 0.011244 0.000000 0.000000
42.500000 30.000000 0.013115 0.013375 0.000000 0.000000
45.000000 30.000000 0.013060 0.012994 0.000000 0.000000
47.500000 30.000000 0.011763 0.012138 0.000000 0.000000
50.000000 30.000000 0.012254 0.012265 0.000000 0.000000
0.000000 32.500000 0.012742 0.011655 0.000000 0.000000
2.500000 32.500000 0.011348 0.013211 0.000000 0.000000
5.000000 32.500000 0.012157 0.012729 0.000000 0.000000
7.500000 32.500000 0.013082 0.011995 0.000000 0.000000
10.000000 32.500000 0.012901 0.011638 0.000000 0.000000
12.500000 32.500000 0.011671 0.012414 0.000000 0.000000
15.000000 32.500000 0.012296 0.011837 0.000000 0.000000
17.500000 32.500000 0.012424 0.011592 0.000000 0.000000
20.000000 32.500000 0.011518 0.013213 0.000000 0.000000
22.500000 32.500000 0.012135 0.011282 0.000000 0.000000
25.000000 32.500000 0.012591 0.011843 0.000000 0.000000
27.500000 32.500000 0.012183 0.011608 0.000000 0.000000
30.000000 32.500000 0.012452 0.011264 0.000000 0.000000
32.500000 32.500000 0.012236 0.013232 0.000000 0.000000
35.000000 32.500000 0.011647 0.010982 0.000000 0.000000
37.500000 32.500000 0.013334 0.011922 0.000000 0.000000
40.000000 32.500000 0.012459 0.011663 0.000000 0.000000
42.500000 32.500000 0.012170 0.012502 0.000000 0.000000
45.000000 32.500000 0.011860 0.011109 0.000000 0.000000
47.500000 32.500000 0.011655 0.011565 0.000000 0.000000
50.000000 32.500000 0.011717 0.012665 0.000000 0.000000
0.000000 35.000000 0.011425 0.013081 0.000000 0.000000
2.500000 35.000000 0.012872 0.012048 0.000000 0.000000
5.000000 35.000000 0.013050 0.011047 0.000000 0.000000
7.500000 35.000000 0.011214 0.011106 0.000000 0.000000
10.000000 35.000000 0.011367 0.013129 0.000000 0.000000
12.500000 35.000000 0.012348 0.011415 0.000000 0.000000
15.000000 35.000000 0.011406 0.013229 0.000000 0.000000
17.500000 35.000000 0.013112 0.012798 0.000000 0.000000
20.000000 35.000000 0.011886 0.012756 0.000000 0.000000
22.500000 35.000000 0.011449 0.012665 0.000000 0.000000
25.000000 35.000000 0.012455 0.012749 0.000000 0.000000
27.500000 35.000000 0.011711 0.012350 0.000000 0.000000
30.000000 35.000000 0.011159 0.013075 0.000000 0.000000
32.500000 35.000000 0.012822 0.013264 0.000000 0.000000
35.000000 35.000000 0.012136 0.011578 0.000000 0.000000
37.500000 35.000000 0.011413 0.012948 0.000000 0.000000
40.000000 35.000000 0.011835 0.011822 0.000000 0.000000
42.500000 35.000000 0.012829 0.011275 0.000000 0.000000
45.000000 35.000000 0.011356 0.013243 0.000000 0.000000
47.500000 35.000000 0.012987 0.011330 0.000000 0.000000
50.000000 35.000000 0.012600 0.011896 0.000000 0.000000
0.000000 37.500000 0.011996 0.012330 0.000000 0.000000
2.500000 37.500000 0.011233 0.012183 0.000000 0.000000
5.000000 37.500000 0.012589 0.011442 0.000000 0.000000
7.500000 37.500000 0.011590 0.010959 0.000000 0.000000
10.000000 37.500000 0.011984 0.011828 0.000000 0.000000
12.500000 37.500000 0.010969 0.012559 0.000000 0.000000
15.000000 37.500000 0.011428 0.012521 0.000000 0.000000
17.500000 37.500000 0.011499 0.012542 0.000000 0.000000
20.000000 37.500000 0.012723 0.011536 0.000000 0.000000
22.500000 37.500000 0.011831 0.012533 0.000000 0.000000
25.000000 37.500000 0.012125 0.012136 0.000000 0.000000
27.500000 37.500000 0.010992 0.013027 0.000000 0.000000
30.000000 37.500000 0.011920 0.011976 0.000000 0.000000
32.500000 37.500000 0.012272 0.011728 0.000000 0.000000
35.000000 37.500000 0.011096 0.011202 0.000000 0.000000
37.500000 37.500000 0.012237 0.012384 0.000000 0.000000
40.000000 37.500000 0.011698 0.011627 0.000000 0.000000
42.500000 37.500000 0.011897 0.012126 0.000000 0.000000
45.000000 37.500000 0.011570 0.011037 0.000000 0.000000
47.500000 37.500000 0.013076 0.012843 0.000000 0.000000
50.000000 37.500000 0.013178 0.011629 0.000000 0.000000
0.000000 40.000000 0.013296 0.012589 0.000000 0.000000
2.500000 40.000000 0.011522 0.011818 0.000000 0.000000
5.000000 40.000000 0.011772 0.011639 0.000000 0.000000
7.500000 40.000000 0.011727 0.011185 0.000000 0.000000
10.000000 40.000000 0.011404 0.011413 0.000000 0.000000
12.500000 40.000000 0.011783 0.011446 0.000000 0.000000
15.000000 40.000000 0.012523 0.011580 0.000000 0.000000
17.500000 40.000000 0.011870 0.012246 0.000000 0.000000
20.000000 40.000000 0.011423 0.012052 0.000000 0.000000
22.500000 40.000000 0.012377 0.012490 0.000000 0.000000
25.000000 40.000000 0.011081 0.011644 0.000000 0.000000
27.500000 40.000000 0.012068 0.013002 0.000000 0.000000
30.000000 40.000000 0.013278 0.012365 0.000000 0.000000
32.500000 40.000000 0.013038 0.013120 0.000000 0.000000
35.000000 40.000000 0.011357 0.012198 0.000000 0.000000
37.500000 40.000000 0.012130 0.012691 0.000000 0.000000
40.000000 40.000000 0.011393 0.011990 0.000000 0.000000
42.500000 40.000000 0.011109 0.011902 0.000000 0.000000
45.000000 40.000000 0.012682 0.011559 0.000000 0.000000
47.500000 40.000000 0.012477 0.012964 0.000000 0.000000
50.000000 40.000000 0.011040 0.013347 0.000000 0.000000
0.000000 42.500000 0.011282 0.011523 0.000000 0.000000
2.500000 42.500000 0.011154 0.011474 0.000000 0.000000
5.000000 42.500000 0.012760 0.011047 0.000000 0.000000
7.500000 42.500000 0.011069 0.011419 0.000000 0.000000
10.000000 42.500000 0.012681 0.011749 0.000000 0.000000
12.500000 42.500000 0.012944 0.011782 0.000000 0.000000
15.000000 42.500000 0.011746 0.011633 0.000000 0.000000
17.500000 42.500000 0.012682 0.011303 0.000000 0.000000
20.000000 42.500000 0.013175 0.011478 0.000000 0.000000
22.500000 42.500000 0.012165 0.012537 0.000000 0.000000
25.000000 42.500000 0.011613 0.012757 0.000000 0.000000
27.500000 42.500000 0.013237 0.011863 0.000000 0.000000
30.000000 42.500000 0.012104 0.011975 0.000000 0.000000
32.500000 42.500000 0.012283 0.012497 0.000000 0.000000
35.000000 42.500000 0.012071 0.012143 0.000000 0.000000
37.500000 42.500000 0.012500 0.011259 0.000000 0.000000
40.000000 42.500000 0.011800 0.012792 0.000000 0.000000
42.500000 42.500000 0.012404 0.012041 0.000000 0.000000
45.000000 42.500000 0.011589 0.012986 0.000000 0.000000
47.500000 42.500000 0.012671 0.011694 0.000000 0.000000
50.000000 42.500000 0.010983 0.011886 0.000000 0.000000
0.000000 45.000000 0.013029 0.010970 0.000000 0.000000
2.500000 45.000000 0.011480 0.012033 0.000000 0.000000
5.000000 45.000000 0.011250 0.011941 0.000000 0.000000
7.500000 45.000000 0.011032 0.013340 0.000000 0.000000
10.000000 45.000000 0.011934 0.013225 0.000000 0.000000
12.500000 45.000000 0.011994 0.011620 0.000000 0.000000
15.000000 45.000000 0.011742 0.013358 0.000000 0.000000
17.500000 45.000000 0.013325 0.012928 0.000000 0.000000
20.000000 45.000000 0.012005 0.011271 0.000000 0.000000
22.500000 45.000000 0.012784 0.011923 0.000000 0.000000
25.000000 45.000000 0.012959 0.012961 0.000000 0.000000
27.500000 45.000000 0.011769 0.012188 0.000000 0.000000
30.000000 45.000000 0.013148 0.011865 0.000000 0.000000
32.500000 45.000000 0.011017 0.011595 0.000000 0.000000
35.000000 45.000000 0.011254 0.011603 0.000000 0.000000
37.500000 45.000000 0.012124 0.011439 0.000000 0.000000
40.000000 45.000000 0.012600 0.011826 0.000000 0.000000
42.500000 45.000000 0.011144 0.012608 0.000000 0.000000
45.000000 45.000000 0.012421 0.012852 0.000000 0.000000
47.500000 45.000000 0.011299 0.012366 0.000000 0.000000
50.000000 45.000000 0.012425 0.011686 0.000000 0.000000
0.000000 47.500000 0.012298 0.011415 0.000000 0.000000
2.500000 47.500000 0.011393 0.011047 0.000000 0.000000
5.000000 47.500000 0.011190 0.012728 0.000000 0.000000
7.500000 47.500000 0.011994 0.012082 0.000000 0.000000
10.000000 47.500000 0.012934 0.011029 0.000000 0.000000
12.500000 47.500000 0.012464 0.011503 0.000000 0.000000
15.000000 47.500000 0.013302 0.012632 0.000000 0.000000
17.500000 47.500000 0.012878 0.011409 0.000000 0.000000
20.000000 47.500000 0.013099 0.012586 0.000000 0.000000
22.500000 47.500000 0.011155 0.012008 0.000000 0.000000
25.000000 47.500000 0.011976 0.012277 0.000000 0.000000
27.500000 47.500000 0.012978 0.012775 0.000000 0.000000
30.000000 47.500000 0.011378 0.011848 0.000000 0.000000
32.500000 47.500000 0.012752 0.011045 0.000000 0.000000
35.000000 47.500000 0.013214 0.012195 0.000000 0.000000
37.500000 47.500000 0.011348 0.011171 0.000000 0.000000
40.000000 47.500000 0.012416 0.012248 0.000000 0.000000
42.500000 47.500000 0.012623 0.011531 0.000000 0.000000
45.000000 47.500000 0.012812 0.011953 0.000000 0.000000
47.500000 47.500000 0.011933 0.013271 0.000000 0.000000
50.000000 47.500000 0.011590 0.011468 0.000000 0.000000
0.000000 50.000000 0.011296 0.012022 0.000000 0.000000
2.500000 50.000000 0.010970 0.013346 0.000000 0.000000
5.000000 50.000000 0.012277 0.012898 0.000000 0.000000
7.500000 50.000000 0.012901 0.011834 0.000000 0.000000
10.000000 50.000000 0.011632 0.012973 0.000000 0.000000
12.500000 50.000000 0.012885 0.012508 0.000000 0.000000
15.000000 50.000000 0.011820 0.012061 0.000000 0.000000
17.500000 50.000000 0.012866 0.012111 0.000000 0.000000
20.000000 50.000000 0.012915 0.012686 0.000000 0.000000
22.500000 50.000000 0.011139 0.011693 0.000000 0.000000
25.000000 50.000000 0.013274 0.013287 0.000000 0.000000
27.500000 50.000000 0.012361 0.012821 0.000000 0.000000
30.000000 50.000000 0.011205 0.011405 0.000000 0.000000
32.500000 50.000000 0.012608 0.011106 0.000000 0.000000
35.000000 50.000000 0.011577 0.011074 0.000000 0.000000
37.500000 50.000000 0.013049 0.013387 0.000000 0.000000
40.000000 50.000000 0.012797 0.011593 0.000000 0.000000
42.500000 50.000000 0.011348 0.013072 0.000000 0.000000
45.000000 50.000000 0.011262 0.010990 0.000000 0.000000
47.500000 50.000000 0.011843 0.013190 0.000000 0.000000
50.000000 50.000000 0.012210 0.012640 0.000000 0.000000
