0.000000 0.000000 0.000000 0.000000 4.123157 3.867256
2.500000 0.000000 0.000000 0.000000 4.145811 4.060405
5.000000 0.000000 0.000000 0.000000 3.751729 3.860784
7.500000 0.000000 0.000000 0.000000 3.880547 3.786308
10.000000 0.000000 0.000000 0.000000 4.022581 3.656499
12.500000 0.000000 0.000000 0.000000 3.868605 3.681955
15.000000 0.000000 0.000000 0.000000 3.902768 4.010185
17.500000 0.000000 0.000000 0.000000 3.595967 3.871595
20.000000 0.000000 0.000000 0.000000 3.816672 4.047071
22.500000 0.000000 0.000000 0.000000 3.764661 4.104100
25.000000 0.000000 0.000000 0.000000 3.573641 4.037042
27.500000 0.000000 0.000000 0.000000 4.112565 4.120745
30.000000 0.000000 0.000000 0.000000 3.708421 4.010194
32.500000 0.000000 0.000000 0.000000 3.564170 3.757365
35.000000 0.000000 0.000000 0.000000 3.823024 3.585481
37.500000 0.000000 0.000000 0.000000 3.823395 3.704141
40.000000 0.000000 0.000000 0.000000 3.730829 4.124998
42.500000 0.000000 0.000000 0.000000 4.151521 3.963837
45.000000 0.000000 0.000000 0.000000 4.163532 3.854103
47.500000 0.000000 0.000000 0.000000 3.762733 4.167587
50.000000 0.000000 0.000000 0.000000 3.990538 4.171877
0.000000 2.500000 0.181017 0.182917 3.483746 3.466688
2.500000 2.500000 0.199528 0.178756 3.538352 3.596289
5.000000 2.500000 0.189183 0.198524 3.775435 3.922295
7.500000 2.500000 0.202000 0.180592 3.433905 3.953056
10.000000 2.500000 0.208929 0.202503 3.673778 3.961427
12.500000 2.500000 0.198400 0.181095 3.462923 3.857428
15.000000 2.500000 0.202526 0.188607 3.725824 3.430881
17.500000 2.500000 0.186244 0.181017 3.854034 3.662845
20.000000 2.500000 0.182806 0.201830 3.636204 3.659579
22.500000 2.500000 0.195620 0.193627 3.781222 3.576568
25.000000 2.500000 0.193658 0.183888 3.643356 3.962075
27.500000 2.500000 0.199624 0.183144 3.549853 3.952326
30.000000 2.500000 0.184154 0.181364 3.549421 3.656897
32.500000 2.500000 0.180548 0.194419 3.963434 3.719622
35.000000 2.500000 0.182093 0.208750 3.550727 3.658448
37.500000 2.500000 0.206311 0.197652 3.749107 3.458659
40.000000 2.500000 0.181226 0.201824 3.763014 3.469650
42.500000 2.500000 0.178030 0.205761 3.532619 3.525555
45.000000 2.500000 0.205336 0.184042 3.599570 3.412361
47.500000 2.500000 0.194174 0.195965 3.778054 3.794300
50.000000 2.500000 0.187594 0.200482 3.622920 3.498221
0.000000 5.000000 0.392460 0.368812 3.348207 3.594381
2.500000 5.000000 0.390072 0.378250 3.732197 3.760063
5.000000 5.000000 0.410533 0.358342 3.463913 3.697436
7.500000 5.000000 0.372250 0.373812 3.279141 3.407149
10.000000 5.000000 0.410628 0.377672 3.400990 3.588542
12.500000 5.000000 0.381824 0.412025 3.700142 3.556808
15.000000 5.000000 0.380754 0.381452 3.218338 3.424063
17.500000 5.000000 0.384323 0.392737 3.626921 3.363404
20.000000 5.000000 0.355917 0.364066 3.686298 3.700022
22.500000 5.000000 0.414187 0.415078 3.578773 3.600857
25.000000 5.000000 0.361880 0.417917 3.463719 3.265459
27.500000 5.000000 0.363808 0.397474 3.699591 3.647761
30.000000 5.000000 0.394770 0.370938 3.300049 3.219050
32.500000 5.000000 0.359161 0.415083 3.247180 3.414386
35.000000 5.000000 0.394693 0.416130 3.202449 3.246031
37.500000 5.000000 0.397851 0.380868 3.251976 3.358232
40.000000 5.000000 0.387355 0.413645 3.639576 3.226781
42.500000 5.000000 0.377360 0.381683 3.657278 3.483682
45.000000 5.000000 0.367765 0.402069 3.383304 3.370487
47.500000 5.000000 0.367403 0.398440 3.235774 3.225844
50.000000 5.000000 0.373472 0.399087 3.354680 3.217302
0.000000 7.500000 0.568501 0.564368 3.023159 3.517142
2.500000 7.500000 0.603507 0.535080 3.368841 3.126978
5.000000 7.500000 0.566788 0.586079 3.043945 3.495497
7.500000 7.500000 0.587933 0.605494 3.280261 3.043218
10.000000 7.500000 0.580842 0.611732 3.157910 3.050914
12.500000 7.500000 0.564730 0.559596 3.376427 3.095978
15.000000 7.500000 0.569509 0.623041 3.266263 3.345055
17.500000 7.500000 0.566692 0.554018 3.543211 3.225424
20.000000 7.500000 0.535110 0.593083 3.097205 3.488227
22.500000 7.500000 0.563171 0.613365 3.532573 3.085170
25.000000 7.500000 0.599055 0.600931 3.507076 3.108938
27.500000 7.500000 0.614200 0.578410 3.247150 3.343679
30.000000 7.500000 0.582829 0.602851 3.199142 3.497884
32.500000 7.500000 0.592894 0.605977 3.326275 3.480924
35.000000 7.500000 0.620014 0.578927 3.226237 3.206293
37.500000 7.500000 0.576393 0.599289 3.253497 3.225393
40.000000 7.500000 0.607746 0.615985 3.325908 3.332537
42.500000 7.500000 0.553502 0.602505 3.315087 3.373068
45.000000 7.500000 0.591612 0.535260 3.507197 3.506058
47.500000 7.500000 0.569419 0.564354 3.240572 3.258799
50.000000 7.500000 0.592236 0.544780 3.063295 3.554515
0.000000 10.000000 0.817785 0.809604 3.122416 2.902796
2.500000 10.000000 0.769694 0.767610 2.911697 3.283423
5.000000 10.000000 0.753021 0.732675 3.095352 3.333406
7.500000 10.000000 0.770012 0.713342 3.061129 2.992060
10.000000 10.000000 0.833789 0.787865 3.056085 3.000766
12.500000 10.000000 0.773846 0.801752 3.138166 2.889168
15.000000 10.000000 0.759216 0.718709 2.994444 3.104773
17.500000 10.000000 0.799426 0.778613 2.890998 3.172052
20.000000 10.000000 0.804287 0.758170 3.123170 3.065956
22.500000 10.000000 0.718872 0.821404 3.227496 3.237686
25.000000 10.000000 0.815994 0.743405 2.907308 3.104959
27.500000 10.000000 0.789439 0.835918 3.291379 2.986440
30.000000 10.000000 0.762763 0.764034 3.050275 3.042128
32.500000 10.000000 0.787419 0.805232 3.029284 3.284516
35.000000 10.000000 0.794694 0.735398 3.252352 3.311530
37.500000 10.000000 0.822847 0.821833 3.339418 2.888333
40.000000 10.000000 0.835906 0.748579 3.314968 2.928837
42.500000 10.000000 0.808468 0.736187 3.318224 3.089189
45.000000 10.000000 0.792890 0.771713 3.004983 3.171668
47.500000 10.000000 0.812552 0.750108 3.230053 3.258118
50.000000 10.000000 0.771311 0.773192 3.133610 3.061752
0.000000 12.500000 0.972575 1.008258 3.083577 2.944235
2.500000 12.500000 1.018115 1.011263 2.766986 2.840470
5.000000 12.500000 0.995349 1.044510 2.838480 2.986889
7.500000 12.500000 0.905979 0.983138 2.701051 2.921784
10.000000 12.500000 0.917759 0.909089 3.098381 2.894628
12.500000 12.500000 0.909903 0.987650 3.133960 3.071455
15.000000 12.500000 0.941713 0.973965 2.956333 2.680367
17.500000 12.500000 0.993225 0.977299 2.892808 2.759753
20.000000 12.500000 1.044891 1.020770 3.044774 2.985220
22.500000 12.500000 0.949765 0.929799 2.958532 2.872537
25.000000 12.500000 1.013954 0.903919 3.090486 2.811092
27.500000 12.500000 1.033872 0.915270 3.043418 2.869390
30.000000 12.500000 0.942783 0.963630 2.857949 2.973792
32.500000 12.500000 0.908701 0.956164 3.042832 2.980737
35.000000 12.500000 1.038038 1.021719 2.742336 3.001774
37.500000 12.500000 0.978610 1.021333 3.031638 2.769207
40.000000 12.500000 0.902844 1.015764 2.947410 2.905763
42.500000 12.500000 1.024114 0.962894 2.778021 2.878690
45.000000 12.500000 0.921839 0.916512 3.085111 2.768495
47.500000 12.500000 0.958588 0.995409 2.996681 2.722567
50.000000 12.500000 0.930746 1.031086 2.910214 2.831705
0.000000 15.000000 1.203353 1.253276 2.511776 2.802625
2.500000 15.000000 1.092782 1.071491 2.600206 2.505185
5.000000 15.000000 1.174224 1.092449 2.598409 2.713796
7.500000 15.000000 1.174073 1.157346 2.863091 2.522325
10.000000 15.000000 1.252772 1.167185 2.831869 2.612673
12.500000 15.000000 1.204260 1.197785 2.912290 2.599603
15.000000 15.000000 1.149378 1.204340 2.536980 2.638675
17.500000 15.000000 1.089243 1.119692 2.873026 2.490976
20.000000 15.000000 1.235723 1.161648 2.705583 2.830665
22.500000 15.000000 1.194643 1.145387 2.909025 2.816082
25.000000 15.000000 1.146408 1.121379 2.773233 2.716277
27.500000 15.000000 1.115215 1.197246 2.724932 2.828214
30.000000 15.000000 1.096403 1.248837 2.540302 2.678353
32.500000 15.000000 1.101120 1.082645 2.921259 2.619170
35.000000 15.000000 1.154661 1.175021 2.761265 2.600242
37.500000 15.000000 1.210006 1.232990 2.733843 2.890232
40.000000 15.000000 1.127644 1.242055 2.586797 2.878697
42.500000 15.000000 1.130437 1.108472 2.511254 2.720578
45.000000 15.000000 1.188795 1.088613 2.757882 2.820297
47.500000 15.000000 1.216173 1.189071 2.579960 2.842013
50.000000 15.000000 1.189598 1.090902 2.878733 2.592248
0.000000 17.500000 1.359481 1.305165 2.482066 2.353290
2.500000 17.500000 1.428997 1.301612 2.394160 2.525148
5.000000 17.500000 1.407775 1.324593 2.691101 2.336001
7.500000 17.500000 1.300577 1.452791 2.396260 2.387879
10.000000 17.500000 1.266522 1.342597 2.612720 2.438274
12.500000 17.500000 1.398378 1.380271 2.418171 2.454356
15.000000 17.500000 1.273468 1.251645 2.397174 2.484761
17.500000 17.500000 1.266841 1.273474 2.367704 2.509505
20.000000 17.500000 1.380189 1.336652 2.402498 2.601020
22.500000 17.500000 1.251801 1.449632 2.401092 2.442375
25.000000 17.500000 1.280101 1.266142 2.563987 2.702724
27.500000 17.500000 1.442696 1.330330 2.608237 2.674857
30.000000 17.500000 1.428403 1.411398 2.607506 2.446748
32.500000 17.500000 1.444799 1.458249 2.671766 2.466119
35.000000 17.500000 1.440400 1.418396 2.620832 2.611797
37.500000 17.500000 1.280753 1.291367 2.535555 2.315570
40.000000 17.500000 1.430853 1.363326 2.313524 2.336387
42.500000 17.500000 1.394945 1.266801 2.602177 2.623113
45.000000 17.500000 1.256335 1.283012 2.612767 2.477266
47.500000 17.500000 1.397541 1.329982 2.438974 2.341069
50.000000 17.500000 1.445520 1.259659 2.667587 2.634470
0.000000 20.000000 1.539181 1.471776 2.351855 2.162091
2.500000 20.000000 1.584626 1.645440 2.361549 2.314568
5.000000 20.000000 1.588165 1.544826 2.196148 2.365768
7.500000 20.000000 1.536539 1.602363 2.270334 2.167859
10.000000 20.000000 1.496988 1.650059 2.493142 2.208041
12.500000 20.000000 1.484701 1.450370 2.487336 2.385035
15.000000 20.000000 1.428399 1.569004 2.144270 2.376625
17.500000 20.000000 1.619616 1.491979 2.486747 2.320864
20.000000 20.000000 1.436004 1.611543 2.412674 2.199905
22.500000 20.000000 1.471149 1.509831 2.437529 2.465355
25.000000 20.000000 1.670705 1.487730 2.446469 2.427328
27.500000 20.000000 1.558631 1.666841 2.321417 2.508048
30.000000 20.000000 1.466991 1.455301 2.186153 2.442957
32.500000 20.000000 1.478472 1.592560 2.320887 2.426460
35.000000 20.000000 1.543841 1.579898 2.394780 2.190319
37.500000 20.000000 1.436136 1.516668 2.484920 2.295464
40.000000 20.000000 1.427021 1.429146 2.341629 2.251701
42.500000 20.000000 1.572530 1.456283 2.365715 2.408491
45.000000 20.000000 1.551605 1.587768 2.249760 2.181753
47.500000 20.000000 1.671725 1.459868 2.417354 2.416500
50.000000 20.000000 1.469299 1.553092 2.261258 2.264056
0.000000 22.500000 1.857197 1.635732 2.158433 2.248794
2.500000 22.500000 1.623380 1.853677 2.228665 2.065107
5.000000 22.500000 1.680759 1.658500 2.194303 2.210878
7.500000 22.500000 1.809644 1.696930 2.223197 2.053157
10.000000 22.500000 1.658331 1.685097 2.224399 1.971275
12.500000 22.500000 1.695761 1.825735 1.961319 2.133156
15.000000 22.500000 1.697345 1.735017 2.031381 2.055861
17.500000 22.500000 1.608043 1.851354 2.224676 1.979109
20.000000 22.500000 1.744560 1.601297 1.987286 2.050163
22.500000 22.500000 1.775291 1.619833 2.053477 2.045930
25.000000 22.500000 1.823985 1.730611 2.006246 2.146651
27.500000 22.500000 1.810283 1.807959 1.959594 2.150403
30.000000 22.500000 1.710414 1.685096 2.255564 2.183367
32.500000 22.500000 1.709080 1.712099 2.190599 2.135554
35.000000 22.500000 1.800446 1.749165 2.256761 2.066026
37.500000 22.500000 1.681571 1.649260 2.033353 1.967747
40.000000 22.500000 1.745653 1.734286 2.117928 2.253301
42.500000 22.500000 1.651925 1.647500 1.964888 1.967714
45.000000 22.500000 1.841196 1.822393 2.208095 2.019700
47.500000 22.500000 1.705964 1.683790 2.080255 1.977115
50.000000 22.500000 1.601118 1.873223 2.158797 2.060309
0.000000 25.000000 1.935980 1.810967 1.937157 1.906261
2.500000 25.000000 1.839176 1.980231 2.037686 2.001556
5.000000 25.000000 1.883066 1.975441 2.052100 1.812474
7.500000 25.000000 1.933319 2.017482 2.020229 1.877013
10.000000 25.000000 1.889383 1.811624 2.060867 2.046470
12.500000 25.000000 1.957357 2.021948 2.080921 1.831363
15.000000 25.000000 2.087579 1.815272 1.940692 1.989493
17.500000 25.000000 1.890939 1.847088 1.832952 2.040806
20.000000 25.000000 1.850677 1.833993 2.018677 1.794019
22.500000 25.000000 1.975001 1.982600 1.921692 1.847206
25.000000 25.000000 2.085707 2.020635 2.011717 1.952925
27.500000 25.000000 1.913339 1.891391 1.846676 2.045497
30.000000 25.000000 1.936577 1.998427 1.793655 1.993827
32.500000 25.000000 1.973338 2.085724 2.087967 1.829527
35.000000 25.000000 1.879126 1.958726 1.890936 1.944606
37.500000 25.000000 1.983678 1.999827 1.810498 1.830351
40.000000 25.000000 1.831810 2.028123 2.006878 1.876284
42.500000 25.000000 1.903377 1.916411 2.041009 1.953458
45.000000 25.000000 1.873437 2.017797 1.849425 1.864407
47.500000 25.000000 1.952123 1.879330 2.090351 2.021485
50.000000 25.000000 1.863445 1.815763 1.950410 2.037018
0.000000 27.500000 2.163719 2.258108 1.764450 1.698558
2.500000 27.500000 2.147554 2.142106 1.852904 1.826356
5.000000 27.500000 2.226858 2.173489 1.624544 1.779370
7.500000 27.500000 2.013296 2.294536 1.717955 1.858160
10.000000 27.500000 2.048163 2.054158 1.860097 1.803505
12.500000 27.500000 2.151596 2.291065 1.846666 1.693248
15.000000 27.500000 2.130387 2.210806 1.864024 1.676627
17.500000 27.500000 2.227742 2.174730 1.731728 1.740975
20.000000 27.500000 1.996607 2.120254 1.851489 1.874575
22.500000 27.500000 2.272679 2.014702 1.684223 1.657637
25.000000 27.500000 2.230768 2.286099 1.677741 1.630038
27.500000 27.500000 2.058827 2.100844 1.868625 1.846823
30.000000 27.500000 1.983483 2.146035 1.688671 1.844021
32.500000 27.500000 2.051016 1.963291 1.866200 1.611299
35.000000 27.500000 2.295176 2.226238 1.879592 1.701070
37.500000 27.500000 2.300387 2.221470 1.861085 1.763899
40.000000 27.500000 2.104809 2.247161 1.661120 1.672130
42.500000 27.500000 2.157694 2.274304 1.730799 1.723716
45.000000 27.500000 2.035867 2.260342 1.746280 1.852280
47.500000 27.500000 2.064394 2.042581 1.776566 1.740731
50.000000 27.500000 2.161842 2.099765 1.665667 1.812534
0.000000 30.000000 2.181067 2.267578 1.558409 1.564064
2.500000 30.000000 2.321472 2.136756 1.454500 1.550771
5.000000 30.000000 2.504572 2.193322 1.525088 1.555620
7.500000 30.000000 2.232788 2.316113 1.449346 1.650284
10.000000 30.000000 2.381539 2.482823 1.434478 1.620628
12.500000 30.000000 2.382073 2.148871 1.425145 1.575786
15.000000 30.000000 2.439073 2.207079 1.488418 1.578991
17.500000 30.000000 2.293699 2.254052 1.479073 1.619426
20.000000 30.000000 2.453775 2.275861 1.513642 1.432637
22.500000 30.000000 2.221325 2.485697 1.574851 1.531605
25.000000 30.000000 2.490357 2.214421 1.459534 1.461768
27.500000 30.000000 2.351761 2.408689 1.596065 1.468612
30.000000 30.000000 2.164803 2.222004 1.507132 1.493717
32.500000 30.000000 2.379902 2.426338 1.511466 1.661820
35.000000 30.000000 2.343853 2.192182 1.651691 1.600582
37.500000 30.000000 2.195868 2.141185 1.585891 1.448224
40.000000 30.000000 2.426755 2.172717 1.577420 1.463850
42.500000 30.000000 2.247879 2.191158 1.587366 1.479340
45.000000 30.000000 2.299744 2.400297 1.595855 1.497701
47.500000 30.000000 2.494753 2.271982 1.463539 1.442223
50.000000 30.000000 2.420789 2.333981 1.658657 1.594742
0.000000 32.500000 2.590414 2.391116 1.372670 1.444626
2.500000 32.500000 2.311545 2.486312 1.327100 1.287923
5.000000 32.500000 2.717343 2.515080 1.323145 1.283612
7.500000 32.500000 2.371323 2.343227 1.354835 1.385151
10.000000 32.500000 2.428875 2.523268 1.249617 1.452740
12.500000 32.500000 2.671039 2.647389 1.357075 1.433960
15.000000 32.500000 2.697135 2.367483 1.342586 1.248002
17.500000 32.500000 2.573176 2.383136 1.267089 1.297819
20.000000 32.500000 2.589634 2.590152 1.324227 1.250661
22.500000 32.500000 2.435820 2.496479 1.256765 1.416316
25.000000 32.500000 2.682473 2.533832 1.449301 1.248656
27.500000 32.500000 2.648111 2.677797 1.373094 1.308666
30.000000 32.500000 2.390644 2.648071 1.254177 1.414255
32.500000 32.500000 2.480972 2.570694 1.427940 1.254778
35.000000 32.500000 2.592427 2.363313 1.458430 1.422917
37.500000 32.500000 2.369106 2.342374 1.305730 1.274600
40.000000 32.500000 2.359177 2.669307 1.460742 1.333535
42.500000 32.500000 2.482828 2.631110 1.428748 1.247435
45.000000 32.500000 2.584447 2.428572 1.387686 1.394914
47.500000 32.500000 2.672664 2.376843 1.306911 1.432905
50.000000 32.500000 2.539484 2.601346 1.327272 1.324469
0.000000 35.000000 2.591543 2.711684 1.131643 1.158397
2.500000 35.000000 2.875413 2.496278 1.182506 1.233977
5.000000 35.000000 2.721458 2.695245 1.231002 1.176132
7.500000 35.000000 2.559030 2.787070 1.205633 1.127639
10.000000 35.000000 2.492241 2.909810 1.204942 1.086542
12.500000 35.000000 2.620424 2.546705 1.253213 1.094400
15.000000 35.000000 2.650926 2.812150 1.126270 1.182908
17.500000 35.000000 2.567465 2.855160 1.193205 1.132767
20.000000 35.000000 2.678082 2.603063 1.131180 1.249038
22.500000 35.000000 2.726583 2.527080 1.108088 1.117194
25.000000 35.000000 2.807113 2.736883 1.157204 1.115522
27.500000 35.000000 2.895837 2.677883 1.197117 1.080580
30.000000 35.000000 2.567800 2.887756 1.119134 1.254646
32.500000 35.000000 2.635460 2.922538 1.089485 1.076340
35.000000 35.000000 2.575419 2.640647 1.135116 1.067291
37.500000 35.000000 2.611786 2.593531 1.199867 1.166479
40.000000 35.000000 2.724624 2.756837 1.110979 1.187913
42.500000 35.000000 2.816211 2.823783 1.193260 1.189054
45.000000 35.000000 2.601837 2.818345 1.156764 1.199746
47.500000 35.000000 2.742865 2.590930 1.247657 1.253852
50.000000 35.000000 2.537662 2.561268 1.194466 1.172153
0.000000 37.500000 2.680097 2.951717 0.989788 0.908703
2.500000 37.500000 2.795271 3.130678 1.012216 1.030509
5.000000 37.500000 2.812642 2.939944 1.045320 1.042975
7.500000 37.500000 2.931116 2.986243 0.913935 1.026675
10.000000 37.500000 2.821461 2.712472 1.026438 0.931244
12.500000 37.500000 2.766111 3.083226 1.043957 0.960182
15.000000 37.500000 2.732057 2.814847 0.943231 0.985305
17.500000 37.500000 3.046326 2.678424 0.939406 1.035057
20.000000 37.500000 3.076707 2.844109 1.018625 0.923529
22.500000 37.500000 2.694014 2.980971 0.897204 0.943386
25.000000 37.500000 3.078036 2.892023 1.018806 0.986473
27.500000 37.500000 2.960828 2.712747 0.910421 0.946222
30.000000 37.500000 2.729861 2.848024 1.032879 1.022943
32.500000 37.500000 2.722240 2.741850 0.892740 0.911439
35.000000 37.500000 2.823508 3.069459 1.032344 1.003477
37.500000 37.500000 2.813153 2.737942 0.914143 0.906043
40.000000 37.500000 2.739846 2.745530 1.020915 0.926361
42.500000 37.500000 3.015167 2.841100 0.918735 1.021955
45.000000 37.500000 3.083862 3.099991 0.974645 0.898634
47.500000 37.500000 2.841536 2.919691 1.014227 0.984351
50.000000 37.500000 2.964405 3.071246 0.930741 0.892404
0.000000 40.000000 3.265542 3.010474 0.773261 0.759373
2.500000 40.000000 3.331455 3.046020 0.717907 0.766585
5.000000 40.000000 3.233806 3.122475 0.797435 0.811221
7.500000 40.000000 2.882875 3.147500 0.816222 0.810386
10.000000 40.000000 3.215739 2.995144 0.789387 0.784693
12.500000 40.000000 3.019334 3.118843 0.711699 0.760746
15.000000 40.000000 3.054818 2.946361 0.801227 0.801885
17.500000 40.000000 2.989757 3.237870 0.799948 0.760115
20.000000 40.000000 3.075773 3.265561 0.736662 0.732235
22.500000 40.000000 3.027450 3.089698 0.804576 0.785595
25.000000 40.000000 3.286030 2.940751 0.830502 0.789542
27.500000 40.000000 3.125246 3.271255 0.755136 0.784117
30.000000 40.000000 3.011018 3.190048 0.762051 0.786269
32.500000 40.000000 3.041112 2.957011 0.715196 0.727451
35.000000 40.000000 3.129368 3.021519 0.748284 0.725040
37.500000 40.000000 3.300111 3.184974 0.759291 0.787604
40.000000 40.000000 3.100066 3.139549 0.784936 0.738543
42.500000 40.000000 3.153716 3.074800 0.823867 0.747422
45.000000 40.000000 2.999967 3.268535 0.792713 0.765320
47.500000 40.000000 3.215155 2.939488 0.758533 0.729030
50.000000 40.000000 3.055018 3.249677 0.747783 0.764106
0.000000 42.500000 3.528324 3.099330 0.538792 0.575951
2.500000 42.500000 3.172098 3.159243 0.580233 0.536607
5.000000 42.500000 3.517090 3.180227 0.566240 0.598331
7.500000 42.500000 3.338642 3.471218 0.565058 0.545153
10.000000 42.500000 3.164490 3.045977 0.536241 0.611911
12.500000 42.500000 3.224786 3.026017 0.556160 0.567604
15.000000 42.500000 3.358625 3.248081 0.620166 0.590315
17.500000 42.500000 3.124001 3.528015 0.586348 0.582690
20.000000 42.500000 3.259288 3.203444 0.602948 0.586395
22.500000 42.500000 3.084361 3.384014 0.536122 0.607982
25.000000 42.500000 3.386564 3.213045 0.610058 0.611101
27.500000 42.500000 3.171082 3.448222 0.565990 0.542848
30.000000 42.500000 3.256895 3.350857 0.589717 0.600364
32.500000 42.500000 3.031498 3.400125 0.592054 0.537740
35.000000 42.500000 3.387930 3.395376 0.611104 0.603341
37.500000 42.500000 3.206886 3.102795 0.551030 0.553739
40.000000 42.500000 3.186908 3.117354 0.570707 0.581531
42.500000 42.500000 3.185911 3.123597 0.535246 0.535539
45.000000 42.500000 3.288520 3.047795 0.569896 0.567347
47.500000 42.500000 3.141313 3.167729 0.565764 0.549433
50.000000 42.500000 3.351093 3.032216 0.610273 0.564737
0.000000 45.000000 3.703746 3.706817 0.376304 0.403535
2.500000 45.000000 3.381165 3.431919 0.388853 0.358888
5.000000 45.000000 3.254011 3.503814 0.374271 0.371063
7.500000 45.000000 3.606615 3.345990 0.371547 0.407913
10.000000 45.000000 3.754025 3.725771 0.416586 0.360447
12.500000 45.000000 3.550727 3.557330 0.359887 0.356804
15.000000 45.000000 3.469957 3.369974 0.410053 0.390478
17.500000 45.000000 3.678659 3.488440 0.379105 0.403818
20.000000 45.000000 3.723998 3.465275 0.360219 0.388629
22.500000 45.000000 3.391440 3.279853 0.411230 0.358204
25.000000 45.000000 3.350615 3.645715 0.376481 0.397633
27.500000 45.000000 3.324383 3.379577 0.418039 0.357800
30.000000 45.000000 3.360897 3.728607 0.361744 0.412901
32.500000 45.000000 3.724646 3.494166 0.360384 0.399013
35.000000 45.000000 3.383114 3.531501 0.409849 0.391087
37.500000 45.000000 3.599675 3.511915 0.403660 0.392370
40.000000 45.000000 3.547284 3.606427 0.380164 0.395421
42.500000 45.000000 3.668909 3.760507 0.365205 0.377561
45.000000 45.000000 3.693625 3.599240 0.397600 0.356455
47.500000 45.000000 3.476139 3.440943 0.392920 0.396381
50.000000 45.000000 3.204181 3.209577 0.360542 0.406218
0.000000 47.500000 3.768969 3.684955 0.189060 0.196279
2.500000 47.500000 3.851313 3.932329 0.204270 0.184702
5.000000 47.500000 3.378548 3.520038 0.188573 0.199737
7.500000 47.500000 3.561761 3.679879 0.190495 0.189394
10.000000 47.500000 3.398448 3.529767 0.186939 0.195759
12.500000 47.500000 3.930611 3.420806 0.207169 0.190199
15.000000 47.500000 3.702527 3.560280 0.201132 0.179463
17.500000 47.500000 3.899228 3.826868 0.196367 0.190355
20.000000 47.500000 3.762661 3.844895 0.206562 0.202811
22.500000 47.500000 3.662567 3.890703 0.195472 0.203667
25.000000 47.500000 3.879571 3.959690 0.201618 0.196283
27.500000 47.500000 3.790740 3.508453 0.195801 0.206585
30.000000 47.500000 3.406610 3.905795 0.178361 0.189857
32.500000 47.500000 3.458049 3.835259 0.194697 0.198889
35.000000 47.500000 3.882397 3.721215 0.194470 0.190199
37.500000 47.500000 3.567660 3.865170 0.201844 0.189657
40.000000 47.500000 3.801425 3.918800 0.196028 0.201711
42.500000 47.500000 3.946335 3.748818 0.198756 0.207976
45.000000 47.500000 3.670143 3.971949 0.206798 0.193833
47.500000 47.500000 3.437417 3.676429 0.194834 0.179394
50.000000 47.500000 3.817086 3.949271 0.184956 0.184059
0.000000 50.000000 4.010928 3.826905 0.000000 0.000000
2.500000 50.000000 3.616507 3.775848 0.000000 0.000000
5.000000 50.000000 3.937381 3.805990 0.000000 0.000000
7.500000 50.000000 3.674778 3.914213 0.000000 0.000000
10.000000 50.000000 4.068373 3.776778 0.000000 0.000000
12.500000 50.000000 3.989133 3.851776 0.000000 0.000000
15.000000 50.000000 3.877244 3.761526 0.000000 0.000000
17.500000 50.000000 3.853414 4.032686 0.000000 0.000000
20.000000 50.000000 3.731738 3.963450 0.000000 0.000000
22.500000 50.000000 3.887008 3.718283 0.000000 0.000000
25.000000 50.000000 3.877147 3.997092 0.000000 0.000000
27.500000 50.000000 3.746675 4.090361 0.000000 0.000000
30.000000 50.000000 3.922296 4.019896 0.000000 0.000000
32.500000 50.000000 4.116250 4.167343 0.000000 0.000000
35.000000 50.000000 4.150002 3.728232 0.000000 0.000000
37.500000 50.000000 3.727002 3.932922 0.000000 0.000000
40.000000 50.000000 3.657234 4.134626 0.000000 0.000000
42.500000 50.000000 4.025461 3.736289 0.000000 0.000000
45.000000 50.000000 3.884169 4.136211 0.000000 0.000000
47.500000 50.000000 4.041982 3.756916 0.000000 0.000000
50.000000 50.000000 3.871338 4.143362 0.000000 0.000000
