0.000000 0.000000 0.000000 0.000000 0.014361 0.015152
2.500000 0.000000 0.000000 0.000000 0.015892 0.014951
5.000000 0.000000 0.000000 0.000000 0.014152 0.015377
7.500000 0.000000 0.000000 0.000000 0.014795 0.014901
10.000000 0.000000 0.000000 0.000000 0.016335 0.014025
12.500000 0.000000 0.000000 0.000000 0.016464 0.016165
15.000000 0.000000 0.000000 0.000000 0.014113 0.014259
17.500000 0.000000 0.000000 0.000000 0.015911 0.016111
20.000000 0.000000 0.000000 0.000000 0.015798 0.015296
22.500000 0.000000 0.000000 0.000000 0.015575 0.016614
25.000000 0.000000 0.000000 0.000000 0.014370 0.015370
27.500000 0.000000 0.000000 0.000000 0.015428 0.014778
30.000000 0.000000 0.000000 0.000000 0.015628 0.014909
32.500000 0.000000 0.000000 0.000000 0.015486 0.014074
35.000000 0.000000 0.000000 0.000000 0.016582 0.015055
37.500000 0.000000 0.000000 0.000000 0.013786 0.016018
40.000000 0.000000 0.000000 0.000000 0.015123 0.015573
42.500000 0.000000 0.000000 0.000000 0.016794 0.015752
45.000000 0.000000 0.000000 0.000000 0.014511 0.015430
47.500000 0.000000 0.000000 0.000000 0.015733 0.015653
50.000000 0.000000 0.000000 0.000000 0.016008 0.015839
0.000000 2.500000 0.000000 0.000000 0.016249 0.015282
2.500000 2.500000 0.000000 0.000000 0.016324 0.013847
5.000000 2.500000 0.000000 0.000000 0.015939 0.014907
7.500000 2.500000 0.000000 0.000000 0.014874 0.015155
10.000000 2.500000 0.000000 0.000000 0.014618 0.015989
12.500000 2.500000 0.000000 0.000000 0.014496 0.016041
15.000000 2.500000 0.000000 0.000000 0.014616 0.016357
17.500000 2.500000 0.000000 0.000000 0.015431 0.014121
20.000000 2.500000 0.000000 0.000000 0.014658 0.016511
22.500000 2.500000 0.000000 0.000000 0.013826 0.016133
25.000000 2.500000 0.000000 0.000000 0.014548 0.014137
27.500000 2.500000 0.000000 0.000000 0.015021 0.016770
30.000000 2.500000 0.000000 0.000000 0.015783 0.015206
32.500000 2.500000 0.000000 0.000000 0.014749 0.015116
35.000000 2.500000 0.000000 0.000000 0.014799 0.016284
37.500000 2.500000 0.000000 0.000000 0.014972 0.014998
40.000000 2.500000 0.000000 0.000000 0.014815 0.014904
42.500000 2.500000 0.000000 0.000000 0.014417 0.016671
45.000000 2.500000 0.000000 0.000000 0.014825 0.016505
47.500000 2.500000 0.000000 0.000000 0.016656 0.014686
50.000000 2.500000 0.000000 0.000000 0.015176 0.014384
0.000000 5.000000 0.000000 0.000000 0.015827 0.015203
2.500000 5.000000 0.000000 0.000000 0.016625 0.016374
5.000000 5.000000 0.000000 0.000000 0.015265 0.015299
7.500000 5.000000 0.000000 0.000000 0.015925 0.016740
10.000000 5.000000 0.000000 0.000000 0.015551 0.016822
12.500000 5.000000 0.000000 0.000000 0.014906 0.016279
15.000000 5.000000 0.000000 0.000000 0.015672 0.016558
17.500000 5.000000 0.000000 0.000000 0.016416 0.014683
20.000000 5.000000 0.000000 0.000000 0.014928 0.016200
22.500000 5.000000 0.000000 0.000000 0.014102 0.015664
25.000000 5.000000 0.000000 0.000000 0.016215 0.015214
27.500000 5.000000 0.000000 0.000000 0.016244 0.014936
30.000000 5.000000 0.000000 0.000000 0.014719 0.014069
32.500000 5.000000 0.000000 0.000000 0.016295 0.014294
35.000000 5.000000 0.000000 0.000000 0.016288 0.014241
37.500000 5.000000 0.000000 0.000000 0.015566 0.014283
40.000000 5.000000 0.000000 0.000000 0.014562 0.014703
42.500000 5.000000 0.000000 0.000000 0.016729 0.014555
45.000000 5.000000 0.000000 0.000000 0.016825 0.016074
47.500000 5.000000 0.000000 0.000000 0.015708 0.014727
50.000000 5.000000 0.000000 0.000000 0.015128 0.014697
0.000000 7.500000 0.000000 0.000000 0.015459 0.015781
2.500000 7.500000 0.000000 0.000000 0.016226 0.015020
5.000000 7.500000 0.000000 0.000000 0.015922 0.015934
7.500000 7.500000 0.000000 0.000000 0.015773 0.014775
10.000000 7.500000 0.000000 0.000000 0.015972 0.015480
12.500000 7.500000 0.000000 0.000000 0.014137 0.015300
15.000000 7.500000 0.000000 0.000000 0.015566 0.014488
17.500000 7.500000 0.000000 0.000000 0.015814 0.014911
20.000000 7.500000 0.000000 0.000000 0.015707 0.013801
22.500000 7.500000 0.000000 0.000000 0.016130 0.014416
25.000000 7.500000 0.000000 0.000000 0.014243 0.015182
27.500000 7.500000 0.000000 0.000000 0.015268 0.016233
30.000000 7.500000 0.000000 0.000000 0.015723 0.015518
32.500000 7.500000 0.000000 0.000000 0.015958 0.014779
35.000000 7.500000 0.000000 0.000000 0.014437 0.015496
37.500000 7.500000 0.000000 0.000000 0.016223 0.016217
40.000000 7.500000 0.000000 0.000000 0.014955 0.016447
42.500000 7.500000 0.000000 0.000000 0.016476 0.014558
45.000000 7.500000 0.000000 0.000000 0.014578 0.015299
47.500000 7.500000 0.000000 0.000000 0.015823 0.014897
50.000000 7.500000 0.000000 0.000000 0.014110 0.015124
0.000000 10.000000 0.000000 0.000000 0.014884 0.014405
2.500000 10.000000 0.000000 0.000000 0.014999 0.015291
5.000000 10.000000 0.000000 0.000000 0.014251 0.016315
7.500000 10.000000 0.000000 0.000000 0.013830 0.015384
10.000000 10.000000 0.000000 0.000000 0.014591 0.016159
12.500000 10.000000 0.000000 0.000000 0.015631 0.014956
15.000000 10.000000 0.000000 0.000000 0.015554 0.015771
17.500000 10.000000 0.000000 0.000000 0.014001 0.016367
20.000000 10.000000 0.000000 0.000000 0.013874 0.014768
22.500000 10.000000 0.000000 0.000000 0.015648 0.014568
25.000000 10.000000 0.000000 0.000000 0.014239 0.014232
27.500000 10.000000 0.000000 0.000000 0.014688 0.016619
30.000000 10.000000 0.000000 0.000000 0.015440 0.013859
32.500000 10.000000 0.000000 0.000000 0.015238 0.014818
35.000000 10.000000 0.000000 0.000000 0.015545 0.016535
37.500000 10.000000 0.000000 0.000000 0.013829 0.016083
40.000000 10.000000 0.000000 0.000000 0.015155 0.016129
42.500000 10.000000 0.000000 0.000000 0.014564 0.014497
45.000000 10.000000 0.000000 0.000000 0.015004 0.016282
47.500000 10.000000 0.000000 0.000000 0.014711 0.016500
50.000000 10.000000 0.000000 0.000000 0.016528 0.014589
0.000000 12.500000 0.000000 0.000000 0.014961 0.014310
2.500000 12.500000 0.000000 0.000000 0.015842 0.016408
5.000000 12.500000 0.000000 0.000000 0.015722 0.014418
7.500000 12.500000 0.000000 0.000000 0.013969 0.016426
10.000000 12.500000 0.000000 0.000000 0.015062 0.015176
12.500000 12.500000 0.000000 0.000000 0.016208 0.014807
15.000000 12.500000 0.000000 0.000000 0.014554 0.016094
17.500000 12.500000 0.000000 0.000000 0.013791 0.015224
20.000000 12.500000 0.000000 0.000000 0.014505 0.015552
22.500000 12.500000 0.000000 0.000000 0.016714 0.015647
25.000000 12.500000 0.000000 0.000000 0.016153 0.014125
27.500000 12.500000 0.000000 0.000000 0.016476 0.015312
30.000000 12.500000 0.000000 0.000000 0.014058 0.015979
32.500000 12.500000 0.000000 0.000000 0.016539 0.014557
35.000000 12.500000 0.000000 0.000000 0.016389 0.015688
37.500000 12.500000 0.000000 0.000000 0.015798 0.015132
40.000000 12.500000 0.000000 0.000000 0.014279 0.014091
42.500000 12.500000 0.000000 0.000000 0.016447 0.015861
45.000000 12.500000 0.000000 0.000000 0.015563 0.015428
47.500000 12.500000 0.000000 0.000000 0.015587 0.015066
50.000000 12.500000 0.000000 0.000000 0.014792 0.014012
0.000000 15.000000 0.000000 0.000000 0.016581 0.014747
2.500000 15.000000 0.000000 0.000000 0.016423 0.016467
5.000000 15.000000 0.000000 0.000000 0.015737 0.016494
7.500000 15.000000 0.000000 0.000000 0.015869 0.015831
10.000000 15.000000 0.000000 0.000000 0.013955 0.016297
12.500000 15.000000 0.000000 0.000000 0.014810 0.014840
15.000000 15.000000 0.000000 0.000000 0.016103 0.015082
17.500000 15.000000 0.000000 0.000000 0.015348 0.014158
20.000000 15.000000 0.000000 0.000000 0.015442 0.016485
22.500000 15.000000 0.000000 0.000000 0.014103 0.015133
25.000000 15.000000 0.000000 0.000000 0.014237 0.015903
27.500000 15.000000 0.000000 0.000000 0.015432 0.016649
30.000000 15.000000 0.000000 0.000000 0.016597 0.014914
32.500000 15.000000 0.000000 0.000000 0.015603 0.015841
35.000000 15.000000 0.000000 0.000000 0.013836 0.014708
37.500000 15.000000 0.000000 0.000000 0.014383 0.014354
40.000000 15.000000 0.000000 0.000000 0.015656 0.015713
42.500000 15.000000 0.000000 0.000000 0.015649 0.016500
45.000000 15.000000 0.000000 0.000000 0.015676 0.016653
47.500000 15.000000 0.000000 0.000000 0.016156 0.014975
50.000000 15.000000 0.000000 0.000000 0.015863 0.015197
0.000000 17.500000 0.000000 0.000000 0.016091 0.016532
2.500000 17.500000 0.000000 0.000000 0.015816 0.014058
5.000000 17.500000 0.000000 0.000000 0.016707 0.014558
7.500000 17.500000 0.000000 0.000000 0.015496 0.015021
10.000000 17.500000 0.000000 0.000000 0.016216 0.014021
12.500000 17.500000 0.000000 0.000000 0.015943 0.015650
15.000000 17.500000 0.000000 0.000000 0.016548 0.016738
17.500000 17.500000 0.000000 0.000000 0.014833 0.015170
20.000000 17.500000 0.000000 0.000000 0.016465 0.015571
22.500000 17.500000 0.000000 0.000000 0.015892 0.015092
25.000000 17.500000 0.000000 0.000000 0.014580 0.015485
27.500000 17.500000 0.000000 0.000000 0.015311 0.015932
30.000000 17.500000 0.000000 0.000000 0.014142 0.015543
32.500000 17.500000 0.000000 0.000000 0.015487 0.014585
35.000000 17.500000 0.000000 0.000000 0.015200 0.016424
37.500000 17.500000 0.000000 0.000000 0.014350 0.015579
40.000000 17.500000 0.000000 0.000000 0.014877 0.013867
42.500000 17.500000 0.000000 0.000000 0.015839 0.014903
45.000000 17.500000 0.000000 0.000000 0.016630 0.015241
47.500000 17.500000 0.000000 0.000000 0.014249 0.016765
50.000000 17.500000 0.000000 0.000000 0.013868 0.014104
0.000000 20.000000 0.000000 0.000000 0.014647 0.016684
2.500000 20.000000 0.000000 0.000000 0.015474 0.015322
5.000000 20.000000 0.000000 0.000000 0.014914 0.015291
7.500000 20.000000 0.000000 0.000000 0.014992 0.016506
10.000000 20.000000 0.000000 0.000000 0.015621 0.014292
12.500000 20.000000 0.000000 0.000000 0.015496 0.016517
15.000000 20.000000 0.000000 0.000000 0.014096 0.013883
17.500000 20.000000 0.000000 0.000000 0.016665 0.015809
20.000000 20.000000 0.000000 0.000000 0.015871 0.014369
22.500000 20.000000 0.000000 0.000000 0.014874 0.013891
25.000000 20.000000 0.000000 0.000000 0.016701 0.015864
27.500000 20.000000 0.000000 0.000000 0.013895 0.014804
30.000000 20.000000 0.000000 0.000000 0.014086 0.016616
32.500000 20.000000 0.000000 0.000000 0.015611 0.014430
35.000000 20.000000 0.000000 0.000000 0.016537 0.014408
37.500000 20.000000 0.000000 0.000000 0.015317 0.014445
40.000000 20.000000 0.000000 0.000000 0.015391 0.014462
42.500000 20.000000 0.000000 0.000000 0.014486 0.016638
45.000000 20.000000 0.000000 0.000000 0.014903 0.015944
47.500000 20.000000 0.000000 0.000000 0.015392 0.015929
50.000000 20.000000 0.000000 0.000000 0.015625 0.016807
0.000000 22.500000 0.000000 0.000000 0.014428 0.015032
2.500000 22.500000 0.000000 0.000000 0.015349 0.014619
5.000000 22.500000 0.000000 0.000000 0.014002 0.016507
7.500000 22.500000 0.000000 0.000000 0.015379 0.014404
10.000000 22.500000 0.000000 0.000000 0.014546 0.015634
12.500000 22.500000 0.000000 0.000000 0.016132 0.013820
15.000000 22.500000 0.000000 0.000000 0.015329 0.015518
17.500000 22.500000 0.000000 0.000000 0.015110 0.014749
20.000000 22.500000 0.000000 0.000000 0.015647 0.014385
22.500000 22.500000 0.000000 0.000000 0.016053 0.015918
25.000000 22.500000 0.000000 0.000000 0.016114 0.015143
27.500000 22.500000 0.000000 0.000000 0.014295 0.014284
30.000000 22.500000 0.000000 0.000000 0.014620 0.016352
32.500000 22.500000 0.000000 0.000000 0.014491 0.016331
35.000000 22.500000 0.000000 0.000000 0.014807 0.015446
37.500000 22.500000 0.000000 0.000000 0.016592 0.015945
40.000000 22.500000 0.000000 0.000000 0.015650 0.014468
42.500000 22.500000 0.000000 0.000000 0.014759 0.016480
45.000000 22.500000 0.000000 0.000000 0.014128 0.016551
47.500000 22.500000 0.000000 0.000000 0.015658 0.016225
50.000000 22.500000 0.000000 0.000000 0.014345 0.015599
0.000000 25.000000 0.015036 0.015565 0.015019 0.016592
2.500000 25.000000 0.016533 0.015261 0.015543 0.014141
5.000000 25.000000 0.016444 0.014681 0.016540 0.014669
7.500000 25.000000 0.014250 0.016807 0.016191 0.014897
10.000000 25.000000 0.015020 0.016606 0.013832 0.013861
12.500000 25.000000 0.013874 0.015060 0.014113 0.015614
15.000000 25.000000 0.014148 0.014224 0.015503 0.014925
17.500000 25.000000 0.015162 0.016456 0.016224 0.016652
20.000000 25.000000 0.014236 0.014806 0.016541 0.014983
22.500000 25.000000 0.015379 0.015744 0.014538 0.014228
25.000000 25.000000 0.014593 0.016757 0.014679 0.016222
27.500000 25.000000 0.015770 0.015716 0.014863 0.016702
30.000000 25.000000 0.015070 0.015121 0.014803 0.016385
32.500000 25.000000 0.016486 0.015032 0.014016 0.013990
35.000000 25.000000 0.014569 0.014882 0.013894 0.014650
37.500000 25.000000 0.015373 0.015676 0.013963 0.016323
40.000000 25.000000 0.016309 0.015600 0.014390 0.016451
42.500000 25.000000 0.014171 0.015359 0.013848 0.015623
45.000000 25.000000 0.013955 0.014419 0.016657 0.015607
47.500000 25.000000 0.014086 0.016739 0.014698 0.015139
50.000000 25.000000 0.016488 0.013879 0.016333 0.016682
0.000000 27.500000 0.016690 0.016589 0.000000 0.000000
2.500000 27.500000 0.014141 0.013915 0.000000 0.000000
5.000000 27.500000 0.015462 0.015834 0.000000 0.000000
7.500000 27.500000 0.014274 0.015047 0.000000 0.000000
10.000000 27.500000 0.014777 0.014745 0.000000 0.000000
12.500000 27.500000 0.014911 0.016798 0.000000 0.000000
15.000000 27.500000 0.014478 0.015590 0.000000 0.000000
17.500000 27.500000 0.015263 0.014019 0.000000 0.000000
20.000000 27.500000 0.015477 0.016349 0.000000 0.000000
22.500000 27.500000 0.014468 0.013942 0.000000 0.000000
25.000000 27.500000 0.016794 0.016530 0.000000 0.000000
27.500000 27.500000 0.014593 0.016606 0.000000 0.000000
30.000000 27.500000 0.016335 0.015542 0.000000 0.000000
32.500000 27.500000 0.014356 0.016524 0.000000 0.000000
35.000000 27.500000 0.015799 0.015060 0.000000 0.000000
37.500000 27.500000 0.015667 0.015206 0.000000 0.000000
40.000000 27.500000 0.014101 0.014684 0.000000 0.000000
42.500000 27.500000 0.016524 0.014356 0.000000 0.000000
45.000000 27.500000 0.016767 0.016753 0.000000 0.000000
47.500000 27.500000 0.015910 0.015036 0.000000 0.000000
50.000000 27.500000 0.014707 0.014499 0.000000 0.000000
0.000000 30.000000 0.013930 0.014238 0.000000 0.000000
2.500000 30.000000 0.015369 0.016112 0.000000 0.000000
5.000000 30.000000 0.015707 0.015897 0.000000 0.000000
7.500000 30.000000 0.016806 0.016169 0.000000 0.000000
10.000000 30.000000 0.013839 0.014049 0.000000 0.000000
12.500000 30.000000 0.014342 0.014432 0.000000 0.000000
15.000000 30.000000 0.016100 0.014433 0.000000 0.000000
17.500000 30.000000 0.015077 0.013864 0.000000 0.000000
20.000000 30.000000 0.014437 0.015887 0.000000 0.000000
22.500000 30.000000 0.016571 0.013868 0.000000 0.000000
25.000000 30.000000 0.015723 0.016685 0.000000 0.000000
27.500000 30.000000 0.014970 0.015880 0.000000 0.000000
30.000000 30.000000 0.014930 0.013981 0.000000 0.000000
32.500000 30.000000 0.016378 0.013994 0.000000 0.000000
35.000000 30.000000 0.015993 0.014943 0.000000 0.000000
37.500000 30.000000 0.015065 0.014368 0.000000 0.000000
40.000000 30.000000 0.014337 0.014525 0.000000 0.000000
42.500000 30.000000 0.015236 0.015146 0.000000 0.000000
45.000000 30.000000 0.015468 0.013834 0.000000 0.000000
47.500000 30.000000 0.015139 0.015778 0.000000 0.000000
50.000000 30.000000 0.015763 0.014999 0.000000 0.000000
0.000000 32.500000 0.014100 0.013877 0.000000 0.000000
2.500000 32.500000 0.016260 0.015911 0.000000 0.000000
5.000000 32.500000 0.015647 0.014471 0.000000 0.000000
7.500000 32.500000 0.016590 0.015620 0.000000 0.000000
10.000000 32.500000 0.016143 0.016805 0.000000 0.000000
12.500000 32.500000 0.016409 0.015754 0.000000 0.000000
15.000000 32.500000 0.015686 0.015696 0.000000 0.000000
17.500000 32.500000 0.015073 0.015113 0.000000 0.000000
20.000000 32.500000 0.016640 0.016571 0.000000 0.000000
22.500000 32.500000 0.015215 0.015797 0.000000 0.000000
25.000000 32.500000 0.014495 0.013858 0.000000 0.000000
27.500000 32.500000 0.015864 0.016337 0.000000 0.000000
30.000000 32.500000 0.016290 0.016492 0.000000 0.000000
32.500000 32.500000 0.014302 0.015571 0.000000 0.000000
35.000000 32.500000 0.013885 0.015804 0.000000 0.000000
37.500000 32.500000 0.015556 0.016238 0.000000 0.000000
40.000000 32.500000 0.013874 0.015494 0.000000 0.000000
42.500000 32.500000 0.015025 0.015494 0.000000 0.000000
45.000000 32.500000 0.015816 0.014914 0.000000 0.000000
47.500000 32.500000 0.015667 0.015853 0.000000 0.000000
50.000000 32.500000 0.016743 0.016443 0.000000 0.000000
0.000000 35.000000 0.016532 0.014707 0.000000 0.000000
2.500000 35.000000 0.014389 0.015857 0.000000 0.000000
5.000000 35.000000 0.016449 0.015258 0.000000 0.000000
7.500000 35.000000 0.015438 0.014839 0.000000 0.000000
10.000000 35.000000 0.016344 0.014926 0.000000 0.000000
12.500000 35.000000 0.016643 0.015104 0.000000 0.000000
15.000000 35.000000 0.016026 0.016514 0.000000 0.000000
17.500000 35.000000 0.014043 0.014526 0.000000 0.000000
20.000000 35.000000 0.015308 0.015705 0.000000 0.000000
22.500000 35.000000 0.016628 0.014804 0.000000 0.000000
25.000000 35.000000 0.015294 0.015940 0.000000 0.000000
27.500000 35.000000 0.015007 0.016583 0.000000 0.000000
30.000000 35.000000 0.015848 0.014597 0.000000 0.000000
32.500000 35.000000 0.015986 0.014958 0.000000 0.000000
35.000000 35.000000 0.014654 0.016414 0.000000 0.000000
37.500000 35.000000 0.014036 0.016120 0.000000 0.000000
40.000000 35.000000 0.015616 0.013835 0.000000 0.000000
42.500000 35.000000 0.013827 0.016136 0.000000 0.000000
45.000000 35.000000 0.015853 0.016326 0.000000 0.000000
47.500000 35.000000 0.016552 0.016284 0.000000 0.000000
50.000000 35.000000 0.015458 0.016758 0.000000 0.000000
0.000000 37.500000 0.014552 0.016264 0.000000 0.000000
2.500000 37.500000 0.014747 0.014970 0.000000 0.000000
5.000000 37.500000 0.015960 0.015332 0.000000 0.000000
7.500000 37.500000 0.015139 0.016762 0.000000 0.000000
10.000000 37.500000 0.015209 0.013842 0.000000 0.000000
12.500000 37.500000 0.016612 0.016539 0.000000 0.000000
15.000000 37.500000 0.014599 0.016362 0.000000 0.000000
17.500000 37.500000 0.015885 0.016638 0.000000 0.000000
20.000000 37.500000 0.016356 0.016814 0.000000 0.000000
22.500000 37.500000 0.014035 0.015339 0.000000 0.000000
25.000000 37.500000 0.014206 0.016522 0.000000 0.000000
27.500000 37.500000 0.014198 0.014302 0.000000 0.000000
30.000000 37.500000 0.015572 0.014276 0.000000 0.000000
32.500000 37.500000 0.014983 0.014400 0.000000 0.000000
35.000000 37.500000 0.015449 0.015552 0.000000 0.000000
37.500000 37.500000 0.015449 0.014107 0.000000 0.000000
40.000000 37.500000 0.016772 0.015360 0.000000 0.000000
42.500000 37.500000 0.013945 0.014872 0.000000 0.000000
45.000000 37.500000 0.015951 0.015401 0.000000 0.000000
47.500000 37.500000 0.014947 0.014425 0.000000 0.000000
50.000000 37.500000 0.015419 0.016114 0.000000 0.000000
0.000000 40.000000 0.014596 0.016639 0.000000 0.000000
2.500000 40.000000 0.014287 0.014206 0.000000 0.000000
5.000000 40.000000 0.015534 0.016133 0.000000 0.000000
7.500000 40.000000 0.016276 0.015942 0.000000 0.000000
10.000000 40.000000 0.013932 0.014559 0.000000 0.000000
12.500000 40.000000 0.015186 0.015761 0.000000 0.000000
15.000000 40.000000 0.014921 0.014882 0.000000 0.000000
17.500000 40.000000 0.014054 0.016116 0.000000 0.000000
20.000000 40.000000 0.015402 0.015463 0.000000 0.000000
22.500000 40.000000 0.013796 0.016503 0.000000 0.000000
25.000000 40.000000 0.015378 0.016039 0.000000 0.000000
27.500000 40.000000 0.014944 0.016162 0.000000 0.000000
30.000000 40.000000 0.016115 0.014233 0.000000 0.000000
32.500000 40.000000 0.014133 0.015708 0.000000 0.000000
35.000000 40.000000 0.015850 0.014300 0.000000 0.000000
37.500000 40.000000 0.015074 0.015763 0.000000 0.000000
40.000000 40.000000 0.015660 0.015167 0.000000 0.000000
42.500000 40.000000 0.015327 0.015512 0.000000 0.000000
45.000000 40.000000 0.014083 0.016499 0.000000 0.000000
47.500000 40.000000 0.016514 0.016795 0.000000 0.000000
50.000000 40.000000 0.015353 0.016288 0.000000 0.000000
0.000000 42.500000 0.014342 0.015118 0.000000 0.000000
2.500000 42.500000 0.013893 0.016791 0.000000 0.000000
5.000000 42.500000 0.014104 0.015982 0.000000 0.000000
7.500000 42.500000 0.016311 0.015402 0.000000 0.000000
10.000000 42.500000 0.015542 0.014681 0.000000 0.000000
12.500000 42.500000 0.015479 0.015758 0.000000 0.000000
15.000000 42.500000 0.014644 0.016215 0.000000 0.000000
17.500000 42.500000 0.016294 0.014724 0.000000 0.000000
20.000000 42.500000 0.015453 0.014576 0.000000 0.000000
22.500000 42.500000 0.015193 0.014685 0.000000 0.000000
25.000000 42.500000 0.014596 0.014499 0.000000 0.000000
27.500000 42.500000 0.013843 0.015389 0.000000 0.000000
30.000000 42.500000 0.015239 0.015172 0.000000 0.000000
32.500000 42.500000 0.016030 0.015049 0.000000 0.000000
35.000000 42.500000 0.014893 0.016144 0.000000 0.000000
37.500000 42.500000 0.016645 0.015531 0.000000 0.000000
40.000000 42.500000 0.014925 0.014520 0.000000 0.000000
42.500000 42.500000 0.015643 0.016242 0.000000 0.000000
45.000000 42.500000 0.015765 0.014040 0.000000 0.000000
47.500000 42.500000 0.014854 0.015934 0.000000 0.000000
50.000000 42.500000 0.015817 0.015260 0.000000 0.000000
0.000000 45.000000 0.013783 0.014100 0.000000 0.000000
2.500000 45.000000 0.015026 0.016411 0.000000 0.000000
5.000000 45.000000 0.013820 0.014447 0.000000 0.000000
7.500000 45.000000 0.015215 0.014905 0.000000 0.000000
10.000000 45.000000 0.014685 0.016593 0.000000 0.000000
12.500000 45.000000 0.015420 0.014204 0.000000 0.000000
15.000000 45.000000 0.015425 0.016388 0.000000 0.000000
17.500000 45.000000 0.014812 0.013904 0.000000 0.000000
20.000000 45.000000 0.016316 0.015916 0.000000 0.000000
22.500000 45.000000 0.014326 0.016259 0.000000 0.000000
25.000000 45.000000 0.014513 0.014897 0.000000 0.000000
27.500000 45.000000 0.014435 0.016658 0.000000 0.000000
30.000000 45.000000 0.016369 0.013824 0.000000 0.000000
32.500000 45.000000 0.016053 0.016815 0.000000 0.000000
35.000000 45.000000 0.015309 0.014821 0.000000 0.000000
37.500000 45.000000 0.016815 0.016375 0.000000 0.000000
40.000000 45.000000 0.014569 0.016667 0.000000 0.000000
42.500000 45.000000 0.015284 0.014149 0.000000 0.000000
45.000000 45.000000 0.014225 0.014902 0.000000 0.000000
47.500000 45.000000 0.015099 0.015553 0.000000 0.000000
50.000000 45.000000 0.016050 0.014911 0.000000 0.000000
0.000000 47.500000 0.016365 0.015159 0.000000 0.000000
2.500000 47.500000 0.013846 0.015809 0.000000 0.000000
5.000000 47.500000 0.016720 0.015979 0.000000 0.000000
7.500000 47.500000 0.016681 0.014236 0.000000 0.000000
10.000000 47.500000 0.015836 0.014204 0.000000 0.000000
12.500000 47.500000 0.014500 0.015976 0.000000 0.000000
15.000000 47.500000 0.014485 0.016373 0.000000 0.000000
17.500000 47.500000 0.016678 0.016329 0.000000 0.000000
20.000000 47.500000 0.016836 0.014445 0.000000 0.000000
22.500000 47.500000 0.014362 0.014830 0.000000 0.000000
25.000000 47.500000 0.015553 0.014013 0.000000 0.000000
27.500000 47.500000 0.014730 0.015408 0.000000 0.000000
30.000000 47.500000 0.014637 0.016221 0.000000 0.000000
32.500000 47.500000 0.016226 0.013790 0.000000 0.000000
35.000000 47.500000 0.014193 0.016424 0.000000 0.000000
37.500000 47.500000 0.016669 0.013791 0.000000 0.000000
40.000000 47.500000 0.015396 0.013817 0.000000 0.000000
42.500000 47.500000 0.014695 0.016487 0.000000 0.000000
45.000000 47.500000 0.014644 0.016456 0.000000 0.000000
47.500000 47.500000 0.015783 0.014104 0.000000 0.000000
50.000000 47.500000 0.014563 0.015188 0.000000 0.000000
0.000000 50.000000 0.015533 0.016158 0.000000 0.000000
2.500000 50.000000 0.015544 0.015160 0.000000 0.000000
5.000000 50.000000 0.014327 0.015209 0.000000 0.000000
7.500000 50.000000 0.013928 0.015518 0.000000 0.000000
10.000000 50.000000 0.015680 0.015774 0.000000 0.000000
12.500000 50.000000 0.014252 0.015773 0.000000 0.000000
15.000000 50.000000 0.015654 0.015111 0.000000 0.000000
17.500000 50.000000 0.015009 0.016798 0.000000 0.000000
20.000000 50.000000 0.015157 0.015620 0.000000 0.000000
22.500000 50.000000 0.014573 0.015552 0.000000 0.000000
25.000000 50.000000 0.014833 0.016683 0.000000 0.000000
27.500000 50.000000 0.014272 0.014008 0.000000 0.000000
30.000000 50.000000 0.015189 0.016298 0.000000 0.000000
32.500000 50.000000 0.013839 0.016218 0.000000 0.000000
35.000000 50.000000 0.014405 0.015224 0.000000 0.000000
37.500000 50.000000 0.013947 0.015214 0.000000 0.000000
40.000000 50.000000 0.016645 0.015667 0.000000 0.000000
42.500000 50.000000 0.015746 0.014907 0.000000 0.000000
45.000000 50.000000 0.015627 0.014137 0.000000 0.000000
47.500000 50.000000 0.016317 0.016578 0.000000 0.000000
50.000000 50.000000 0.016548 0.016837 0.000000 0.000000
