0.000000 0.000000 0.000000 0.000000 2.713359 1.283788
2.500000 0.000000 0.000000 0.000000 4.158752 3.882613
5.000000 0.000000 0.000000 0.000000 3.100651 2.523930
7.500000 0.000000 0.000000 0.000000 2.042363 2.144103
10.000000 0.000000 0.000000 0.000000 1.710746 3.382853
12.500000 0.000000 0.000000 0.000000 3.437552 3.057362
15.000000 0.000000 0.000000 0.000000 1.412687 2.793306
17.500000 0.000000 0.000000 0.000000 2.287879 1.742328
20.000000 0.000000 0.000000 0.000000 1.284626 1.661501
22.500000 0.000000 0.000000 0.000000 2.990750 1.885673
25.000000 0.000000 0.000000 0.000000 1.835933 3.162611
27.500000 0.000000 0.000000 0.000000 1.673082 3.521786
30.000000 0.000000 0.000000 0.000000 2.316066 2.488819
32.500000 0.000000 0.000000 0.000000 2.848518 4.089004
35.000000 0.000000 0.000000 0.000000 1.277853 3.940735
37.500000 0.000000 0.000000 0.000000 2.466960 1.137075
40.000000 0.000000 0.000000 0.000000 0.947126 3.335276
42.500000 0.000000 0.000000 0.000000 3.105442 2.277592
45.000000 0.000000 0.000000 0.000000 3.524781 3.121338
47.500000 0.000000 0.000000 0.000000 0.958438 2.208986
50.000000 0.000000 0.000000 0.000000 1.405365 2.291970
0.000000 2.500000 0.058315 0.160502 0.852380 1.231343
2.500000 2.500000 0.143752 0.182986 1.782138 3.025220
5.000000 2.500000 0.094821 0.159587 2.808398 2.904072
7.500000 2.500000 0.052587 0.195677 3.250285 2.365035
10.000000 2.500000 0.120746 0.117395 1.826215 3.086938
12.500000 2.500000 0.160889 0.193944 1.284608 2.834079
15.000000 2.500000 0.189353 0.126724 3.463668 3.090453
17.500000 2.500000 0.175029 0.123545 2.889320 1.333627
20.000000 2.500000 0.068305 0.085599 1.081071 1.490760
22.500000 2.500000 0.110306 0.135179 2.514618 3.461167
25.000000 2.500000 0.200869 0.086665 2.806041 1.282237
27.500000 2.500000 0.174784 0.145082 1.807600 1.857526
30.000000 2.500000 0.098784 0.126744 2.251755 1.307153
32.500000 2.500000 0.166455 0.081334 2.187643 2.889146
35.000000 2.500000 0.124964 0.185261 2.494341 3.872897
37.500000 2.500000 0.068910 0.104249 2.848497 1.923000
40.000000 2.500000 0.048578 0.128799 3.844459 3.050515
42.500000 2.500000 0.043063 0.091261 1.609503 2.758720
45.000000 2.500000 0.099575 0.058807 1.001197 1.789286
47.500000 2.500000 0.127753 0.083367 1.888918 2.747283
50.000000 2.500000 0.127416 0.121055 3.760420 1.465081
0.000000 5.000000 0.260036 0.344623 3.022570 2.946079
2.500000 5.000000 0.395074 0.231279 3.641641 2.774956
5.000000 5.000000 0.214146 0.113925 1.202415 2.683790
7.500000 5.000000 0.119276 0.269619 1.007449 3.036360
10.000000 5.000000 0.415842 0.171670 3.326456 3.089368
12.500000 5.000000 0.245651 0.204521 3.245897 3.338285
15.000000 5.000000 0.179124 0.314711 2.154785 1.977040
17.500000 5.000000 0.113327 0.158398 2.962951 1.212680
20.000000 5.000000 0.104877 0.183948 1.446427 3.162355
22.500000 5.000000 0.231352 0.233444 1.815520 2.609434
25.000000 5.000000 0.317249 0.328550 3.300596 2.155909
27.500000 5.000000 0.132675 0.368570 2.356443 2.307255
30.000000 5.000000 0.356748 0.156668 3.715618 1.576917
32.500000 5.000000 0.153550 0.121877 2.484944 1.549274
35.000000 5.000000 0.393450 0.261086 1.379537 1.957073
37.500000 5.000000 0.379645 0.319029 2.127151 2.290287
40.000000 5.000000 0.229584 0.135305 1.691977 2.815368
42.500000 5.000000 0.303885 0.403535 1.280321 3.057106
45.000000 5.000000 0.255557 0.386564 2.923295 0.797955
47.500000 5.000000 0.154461 0.291359 2.277459 3.575243
50.000000 5.000000 0.238675 0.110021 1.688621 2.498540
0.000000 7.500000 0.325255 0.618826 3.160352 1.716593
2.500000 7.500000 0.452680 0.534360 2.110599 2.894975
5.000000 7.500000 0.392903 0.360626 0.897004 3.331464
7.500000 7.500000 0.259651 0.316698 1.528025 1.005705
10.000000 7.500000 0.410647 0.540581 2.999586 2.875335
12.500000 7.500000 0.244733 0.577326 2.686905 1.286037
15.000000 7.500000 0.334514 0.489790 2.531079 1.142092
17.500000 7.500000 0.333912 0.477832 2.256622 1.402927
20.000000 7.500000 0.239332 0.171458 2.897077 1.553994
22.500000 7.500000 0.326478 0.216335 1.912173 1.446439
25.000000 7.500000 0.315093 0.149819 1.913377 2.906636
27.500000 7.500000 0.401043 0.367124 2.684355 3.256365
30.000000 7.500000 0.209700 0.220296 1.825918 3.314017
32.500000 7.500000 0.581029 0.618858 3.142751 2.818669
35.000000 7.500000 0.283317 0.354432 2.464403 3.525648
37.500000 7.500000 0.292370 0.272799 2.691363 3.313076
40.000000 7.500000 0.577100 0.318727 1.368960 0.925185
42.500000 7.500000 0.479634 0.553105 1.179473 3.508481
45.000000 7.500000 0.300650 0.439667 2.482599 2.402098
47.500000 7.500000 0.417790 0.451160 2.228873 2.800905
50.000000 7.500000 0.626910 0.491817 0.779270 2.571008
0.000000 10.000000 0.523960 0.575873 1.436251 1.692485
2.500000 10.000000 0.439072 0.293460 2.536500 3.059114
5.000000 10.000000 0.335170 0.189239 1.735763 2.401872
7.500000 10.000000 0.259274 0.720366 1.051715 2.235989
10.000000 10.000000 0.182940 0.207197 2.154284 3.163417
12.500000 10.000000 0.586276 0.475039 1.432830 2.655889
15.000000 10.000000 0.715591 0.498207 1.016965 2.125740
17.500000 10.000000 0.245493 0.260557 1.947984 1.081063
20.000000 10.000000 0.245092 0.728905 2.034392 2.577482
22.500000 10.000000 0.829828 0.182942 2.280087 3.142841
25.000000 10.000000 0.433035 0.399051 0.996642 2.269273
27.500000 10.000000 0.370801 0.264549 2.003483 3.284857
30.000000 10.000000 0.726474 0.450774 3.011780 1.250135
32.500000 10.000000 0.278102 0.257594 2.113040 2.397641
35.000000 10.000000 0.539307 0.698228 1.163956 1.737992
37.500000 10.000000 0.386650 0.438239 3.000678 1.622260
40.000000 10.000000 0.775648 0.796423 2.721371 1.454143
42.500000 10.000000 0.541872 0.221778 3.202830 1.610841
45.000000 10.000000 0.439087 0.746260 2.825357 1.338611
47.500000 10.000000 0.429086 0.401235 2.030358 2.349141
50.000000 10.000000 0.436534 0.282608 2.670970 1.666643
0.000000 12.500000 0.644093 0.304893 2.618845 1.155434
2.500000 12.500000 0.310104 0.841857 1.275815 1.707964
5.000000 12.500000 0.831475 0.885347 3.069835 2.401818
7.500000 12.500000 1.039041 0.910031 1.044178 3.136753
10.000000 12.500000 0.301677 1.016587 2.007390 1.389984
12.500000 12.500000 0.949788 0.615479 2.632231 0.798751
15.000000 12.500000 0.600476 0.453298 0.722262 2.926732
17.500000 12.500000 0.371276 0.846241 1.560846 1.884348
20.000000 12.500000 0.601813 0.639477 2.255126 1.730556
22.500000 12.500000 1.038446 1.022665 2.752727 1.622860
25.000000 12.500000 0.306645 0.884105 1.197018 0.867479
27.500000 12.500000 0.481840 0.446144 1.675828 0.744361
30.000000 12.500000 0.833635 0.750924 2.509327 1.676764
32.500000 12.500000 0.631902 0.718784 2.927042 3.072140
35.000000 12.500000 0.587434 0.941524 2.789602 2.409449
37.500000 12.500000 0.515921 1.017856 2.965892 1.746460
40.000000 12.500000 0.900215 0.626022 2.152064 2.721636
42.500000 12.500000 0.634249 0.838513 1.253463 1.953094
45.000000 12.500000 0.333107 0.635659 2.983763 2.932937
47.500000 12.500000 0.241106 0.319355 2.801687 0.764951
50.000000 12.500000 0.427306 0.278043 1.345467 0.706761
0.000000 15.000000 0.851904 0.921178 1.891892 0.948058
2.500000 15.000000 1.080736 1.096907 1.717286 2.822696
5.000000 15.000000 0.505954 0.989741 2.862333 1.839137
7.500000 15.000000 0.478810 1.034928 2.921013 2.285711
10.000000 15.000000 0.445435 0.718336 2.787291 1.658498
12.500000 15.000000 0.815489 0.924696 1.931777 1.154173
15.000000 15.000000 0.470896 1.242546 2.174701 0.826238
17.500000 15.000000 1.115670 0.631100 1.379454 0.944818
20.000000 15.000000 1.213872 0.537047 2.324750 2.549741
22.500000 15.000000 0.259373 0.866345 0.675300 0.898149
25.000000 15.000000 0.991305 0.356723 2.180633 2.002684
27.500000 15.000000 0.980309 1.220322 1.307181 1.774937
30.000000 15.000000 1.165233 0.651886 2.842903 1.547909
32.500000 15.000000 0.311054 1.215140 2.848843 2.691054
35.000000 15.000000 0.647665 0.343275 1.268019 2.783886
37.500000 15.000000 1.155370 0.544881 2.329155 0.841454
40.000000 15.000000 0.630019 0.561912 0.761892 1.068589
42.500000 15.000000 1.067558 0.526553 1.325981 1.075829
45.000000 15.000000 0.737396 0.900270 0.623302 1.229819
47.500000 15.000000 0.397151 0.558079 0.900352 2.476064
50.000000 15.000000 0.488204 0.764703 1.080979 1.517797
0.000000 17.500000 0.599695 0.762931 1.376898 1.465904
2.500000 17.500000 0.362637 1.297777 0.862708 2.382327
5.000000 17.500000 1.361177 1.300530 1.908938 2.443376
7.500000 17.500000 1.058626 0.999720 0.844122 1.835814
10.000000 17.500000 1.137268 0.723933 2.081926 2.308351
12.500000 17.500000 1.020254 1.311493 2.364555 2.093226
15.000000 17.500000 0.901275 1.459913 0.665006 1.752850
17.500000 17.500000 0.478118 1.098493 0.974358 1.068574
20.000000 17.500000 0.979167 1.285864 0.755605 2.460515
22.500000 17.500000 1.393190 0.365958 0.986280 1.378290
25.000000 17.500000 0.736884 1.270773 2.057174 1.481830
27.500000 17.500000 1.012561 0.895707 2.209550 1.013509
30.000000 17.500000 0.773468 0.951160 1.923904 2.107636
32.500000 17.500000 0.575111 1.383046 2.401723 0.637575
35.000000 17.500000 1.168778 0.614804 1.832579 0.688296
37.500000 17.500000 0.667732 1.050327 1.963157 1.097030
40.000000 17.500000 0.954285 0.774053 2.558808 0.847114
42.500000 17.500000 1.134011 0.890052 1.677257 0.879815
45.000000 17.500000 0.711027 0.705782 0.674280 1.862935
47.500000 17.500000 0.704438 0.636266 1.671562 1.652243
50.000000 17.500000 0.503606 1.381134 2.386423 2.311045
0.000000 20.000000 1.633200 1.636431 1.244025 1.062345
2.500000 20.000000 0.845664 0.885567 1.255375 2.410449
5.000000 20.000000 1.470504 1.637017 1.983115 0.971015
7.500000 20.000000 0.654481 0.808567 1.245442 1.632118
10.000000 20.000000 1.196701 0.575486 1.888626 0.555191
12.500000 20.000000 0.749368 1.431963 1.957210 2.036053
15.000000 20.000000 0.770963 1.044613 0.758936 2.375381
17.500000 20.000000 1.046480 1.253068 1.031320 1.754967
20.000000 20.000000 0.905157 0.558834 2.272629 1.386133
22.500000 20.000000 0.532896 1.385928 0.969825 1.777302
25.000000 20.000000 0.881085 1.163150 1.530151 1.036164
27.500000 20.000000 1.215016 1.436891 1.626562 2.394420
30.000000 20.000000 1.424108 1.643691 0.747978 2.416807
32.500000 20.000000 1.497270 0.632947 0.730554 1.661735
35.000000 20.000000 1.249494 1.144502 2.082536 1.402506
37.500000 20.000000 1.630746 1.578260 0.584446 2.023618
40.000000 20.000000 1.370152 0.816016 1.928190 1.697600
42.500000 20.000000 1.355464 1.560061 1.681797 1.278125
45.000000 20.000000 0.537615 0.576989 1.548653 2.144299
47.500000 20.000000 1.190761 0.605841 0.680185 1.544834
50.000000 20.000000 0.597513 1.670043 1.365349 0.636851
0.000000 22.500000 1.400600 1.333721 0.865593 1.406166
2.500000 22.500000 1.379428 0.755816 1.701583 2.217047
5.000000 22.500000 0.382588 1.419485 1.758793 1.287177
7.500000 22.500000 1.543638 1.437669 1.787183 1.656462
10.000000 22.500000 0.594003 1.815404 1.646119 1.786113
12.500000 22.500000 1.409831 1.548760 1.221498 1.236995
15.000000 22.500000 1.691425 1.663541 1.257989 0.579086
17.500000 22.500000 1.554740 0.816545 0.478754 2.058607
20.000000 22.500000 1.103618 1.760839 0.608079 1.367997
22.500000 22.500000 0.994907 0.717743 1.187737 1.990262
25.000000 22.500000 0.904125 1.866206 0.954655 1.010252
27.500000 22.500000 0.940014 0.915360 1.855204 1.189532
30.000000 22.500000 0.737948 0.968577 0.807810 0.682047
32.500000 22.500000 1.363722 1.443289 1.595161 1.134075
35.000000 22.500000 0.381811 0.483946 0.790637 1.941832
37.500000 22.500000 1.022462 0.922603 2.226748 0.801195
40.000000 22.500000 0.424831 0.948697 1.866243 0.635024
42.500000 22.500000 0.379979 0.726283 0.839645 1.642671
45.000000 22.500000 1.847252 1.102780 1.541545 1.986352
47.500000 22.500000 0.600441 0.836831 1.870145 1.483804
50.000000 22.500000 0.992865 0.461599 1.758387 1.726676
0.000000 25.000000 1.655647 0.492829 1.479068 0.618331
2.500000 25.000000 1.598058 0.907249 0.857001 0.887830
5.000000 25.000000 1.391103 1.553637 0.741260 1.649797
7.500000 25.000000 1.521931 0.794996 0.534568 0.871323
10.000000 25.000000 0.772931 0.804628 1.818146 1.777588
12.500000 25.000000 1.680526 1.163609 1.155938 1.826415
15.000000 25.000000 0.953115 1.449427 0.601949 1.162452
17.500000 25.000000 1.148434 0.475887 0.790526 1.048319
20.000000 25.000000 1.109406 0.844671 2.003986 0.851488
22.500000 25.000000 1.668313 0.564570 1.409802 0.746258
25.000000 25.000000 0.457947 1.157152 1.715049 0.992196
27.500000 25.000000 1.804299 1.959110 1.725198 2.038243
30.000000 25.000000 1.011360 0.756254 0.482200 1.534747
32.500000 25.000000 0.670860 2.002911 2.086931 0.686723
35.000000 25.000000 0.482659 0.953007 1.268540 1.358296
37.500000 25.000000 1.836890 1.670174 1.073193 0.937628
40.000000 25.000000 2.040158 1.033910 0.627371 1.885252
42.500000 25.000000 0.552705 1.319544 0.588300 0.547939
45.000000 25.000000 1.245020 1.402086 1.314684 1.308350
47.500000 25.000000 0.846883 0.818697 0.798489 1.756529
50.000000 25.000000 1.851899 1.331215 0.541869 1.396488
0.000000 27.500000 1.658420 0.628265 0.749103 1.499952
2.500000 27.500000 1.592470 0.775504 1.586789 0.863309
5.000000 27.500000 1.338184 2.210368 1.459299 1.204207
7.500000 27.500000 0.867980 2.267281 1.030583 1.284742
10.000000 27.500000 1.083950 1.292282 1.498661 0.815238
12.500000 27.500000 2.204490 2.094355 1.579878 0.412775
15.000000 27.500000 1.815060 1.251240 1.569036 1.407321
17.500000 27.500000 1.738913 1.881603 0.860387 1.008433
20.000000 27.500000 1.530201 1.160122 1.525444 1.521769
22.500000 27.500000 1.996658 2.110898 0.482154 1.540061
25.000000 27.500000 0.473636 0.610588 1.248531 1.281063
27.500000 27.500000 1.206807 2.157756 1.537836 1.671250
30.000000 27.500000 0.545881 1.447907 1.551959 1.308079
32.500000 27.500000 1.672590 1.857028 1.352448 0.629229
35.000000 27.500000 1.811726 1.523727 0.412923 1.848308
37.500000 27.500000 1.169850 1.525812 1.207739 1.176997
40.000000 27.500000 1.186064 1.766036 1.399052 1.456778
42.500000 27.500000 2.044248 0.630110 1.686178 0.686157
45.000000 27.500000 1.540898 1.586348 1.453764 1.860029
47.500000 27.500000 1.679799 1.784366 0.489326 0.821287
50.000000 27.500000 0.742070 1.199047 1.493690 0.902512
0.000000 30.000000 1.525613 2.057763 0.446735 0.646761
2.500000 30.000000 1.738612 0.857770 0.404796 1.604020
5.000000 30.000000 0.918927 0.768702 1.524476 0.948200
7.500000 30.000000 2.008438 1.065813 1.206026 1.275750
10.000000 30.000000 1.074249 0.728825 1.122218 1.465264
12.500000 30.000000 0.837844 1.717508 1.177117 1.428936
15.000000 30.000000 2.206467 1.039546 1.136110 1.403311
17.500000 30.000000 1.386866 1.580651 0.916975 1.369779
20.000000 30.000000 1.761302 0.525829 1.320418 0.961161
22.500000 30.000000 1.748530 2.123892 0.958314 1.223295
25.000000 30.000000 2.012865 2.093746 1.277887 1.076178
27.500000 30.000000 2.387154 0.545409 1.466478 1.360564
30.000000 30.000000 2.363281 2.415235 1.398327 1.100040
32.500000 30.000000 1.315046 0.597728 1.617010 1.265241
35.000000 30.000000 1.098904 1.926496 0.993815 0.784925
37.500000 30.000000 0.783850 1.190330 0.440020 1.618947
40.000000 30.000000 2.110124 1.818039 1.139352 1.081119
42.500000 30.000000 0.612592 1.047572 1.298920 1.516206
45.000000 30.000000 1.228282 1.658828 0.740500 1.013252
47.500000 30.000000 2.350463 0.651509 1.535006 1.338889
50.000000 30.000000 2.236784 2.363323 1.252706 0.558082
0.000000 32.500000 1.808267 1.108026 0.602661 0.952622
2.500000 32.500000 0.891935 0.973616 1.033323 0.754466
5.000000 32.500000 0.660813 1.643284 1.295375 0.915291
7.500000 32.500000 1.678014 2.717157 1.129945 0.721445
10.000000 32.500000 0.569582 1.008429 0.471045 1.318179
12.500000 32.500000 1.057451 0.822237 1.201097 1.016394
15.000000 32.500000 2.128583 1.561424 1.047666 0.392696
17.500000 32.500000 2.641151 2.548031 0.815811 1.038010
20.000000 32.500000 2.530561 2.640441 0.787979 1.043555
22.500000 32.500000 1.200040 1.012033 1.218554 0.941189
25.000000 32.500000 0.720441 1.043051 0.621841 0.590590
27.500000 32.500000 1.495988 1.949305 0.488301 0.856214
30.000000 32.500000 0.646746 0.653080 0.422363 0.891731
32.500000 32.500000 2.161554 1.355454 0.419128 1.263576
35.000000 32.500000 1.607413 2.127781 0.384516 0.922438
37.500000 32.500000 0.792860 2.074038 0.298573 1.155479
40.000000 32.500000 2.501015 1.302720 1.119773 1.316555
42.500000 32.500000 0.799923 0.548679 1.189952 1.157845
45.000000 32.500000 2.483708 1.072379 0.775435 0.816197
47.500000 32.500000 0.876567 2.014914 1.285322 0.397910
50.000000 32.500000 0.818053 0.988183 1.452948 1.421332
0.000000 35.000000 0.609674 1.023707 0.949380 1.238396
2.500000 35.000000 1.445417 1.900531 0.341601 0.560325
5.000000 35.000000 0.836017 2.189918 0.980334 0.921111
7.500000 35.000000 2.359623 1.550304 0.510728 0.602107
10.000000 35.000000 1.602824 1.327038 1.203248 0.265829
12.500000 35.000000 0.932043 1.669746 0.634117 0.783809
15.000000 35.000000 0.907444 0.811632 0.424209 0.558805
17.500000 35.000000 2.525780 1.362597 0.307971 0.578094
20.000000 35.000000 2.824251 2.544577 0.458714 0.838473
22.500000 35.000000 2.780407 2.178596 0.463255 0.346602
25.000000 35.000000 1.848417 2.263763 0.810325 0.525001
27.500000 35.000000 1.270244 2.318712 0.324034 1.043786
30.000000 35.000000 2.207360 2.245368 0.447839 1.117196
32.500000 35.000000 1.806346 0.665487 0.269480 0.801539
35.000000 35.000000 1.211222 1.375247 0.624258 0.977935
37.500000 35.000000 0.775363 2.093295 0.280504 1.150599
40.000000 35.000000 1.835693 0.593623 0.615468 0.918314
42.500000 35.000000 0.914305 2.178571 0.914086 0.711470
45.000000 35.000000 2.409550 2.701570 0.607126 1.103482
47.500000 35.000000 0.624744 0.731275 0.542496 0.461911
50.000000 35.000000 2.311222 2.116491 1.228191 0.406836
0.000000 37.500000 1.354430 2.379519 0.963445 0.856006
2.500000 37.500000 1.199098 2.125689 0.551183 0.632065
5.000000 37.500000 0.920503 1.163011 0.266604 0.652610
7.500000 37.500000 1.125016 1.784016 0.875870 0.689254
10.000000 37.500000 3.068348 2.788997 0.211436 0.870435
12.500000 37.500000 1.968806 0.826151 0.862566 0.549334
15.000000 37.500000 0.824341 3.067401 0.366667 0.300784
17.500000 37.500000 2.957993 2.632653 0.988922 0.984130
20.000000 37.500000 2.494657 2.903060 0.437617 0.265667
22.500000 37.500000 2.682576 1.718935 0.563774 0.600245
25.000000 37.500000 2.211581 1.089499 0.359406 0.507148
27.500000 37.500000 1.434428 1.621018 0.553499 0.258601
30.000000 37.500000 1.929740 3.068436 0.549227 0.336229
32.500000 37.500000 1.910163 1.819743 1.011577 0.255636
35.000000 37.500000 2.463542 1.271978 0.796947 0.301184
37.500000 37.500000 3.129211 2.849109 0.718132 0.550754
40.000000 37.500000 2.590251 3.008146 0.734915 1.030584
42.500000 37.500000 2.409277 2.807610 0.920636 0.929646
45.000000 37.500000 2.524661 2.151980 0.500178 0.251945
47.500000 37.500000 3.081815 1.768834 0.612394 0.956389
50.000000 37.500000 2.572149 1.644017 0.943398 0.835675
0.000000 40.000000 2.664622 3.122930 0.181666 0.430625
2.500000 40.000000 2.873809 1.516508 0.180129 0.688532
5.000000 40.000000 1.155126 1.201478 0.668272 0.173914
7.500000 40.000000 1.808554 1.569296 0.563206 0.593776
10.000000 40.000000 3.221079 2.840349 0.707184 0.750879
12.500000 40.000000 1.466507 0.803095 0.479572 0.255960
15.000000 40.000000 3.179400 1.152812 0.522983 0.782763
17.500000 40.000000 2.138995 2.027736 0.616466 0.670291
20.000000 40.000000 1.398301 1.602314 0.362949 0.365537
22.500000 40.000000 1.048726 2.642852 0.403544 0.551505
25.000000 40.000000 2.429941 2.136717 0.479168 0.348441
27.500000 40.000000 1.386606 3.171546 0.615893 0.478024
30.000000 40.000000 1.453787 1.653696 0.666207 0.483331
32.500000 40.000000 2.121544 0.976704 0.390500 0.444737
35.000000 40.000000 1.659695 0.965330 0.465936 0.305400
37.500000 40.000000 1.776952 2.449662 0.481130 0.645780
40.000000 40.000000 2.382681 1.771249 0.791123 0.431559
42.500000 40.000000 2.303880 2.052033 0.288774 0.231826
45.000000 40.000000 2.717886 2.708624 0.661825 0.357126
47.500000 40.000000 1.092547 1.974634 0.666241 0.753814
50.000000 40.000000 1.704905 2.002080 0.393699 0.793556
0.000000 42.500000 2.639450 1.436092 0.602052 0.556060
2.500000 42.500000 1.471152 1.335795 0.134018 0.136794
5.000000 42.500000 3.380549 1.612352 0.234579 0.181450
7.500000 42.500000 2.462279 1.951809 0.146085 0.305061
10.000000 42.500000 1.880945 1.423189 0.299292 0.174035
12.500000 42.500000 2.004597 2.242582 0.585629 0.614330
15.000000 42.500000 2.990033 2.249615 0.205526 0.515847
17.500000 42.500000 1.916181 2.718942 0.126228 0.285818
20.000000 42.500000 1.908981 2.290658 0.602634 0.320568
22.500000 42.500000 3.362432 1.599688 0.538842 0.143575
25.000000 42.500000 1.286725 3.284426 0.370352 0.366751
27.500000 42.500000 1.820493 2.238094 0.294460 0.614453
30.000000 42.500000 2.100351 2.069747 0.373864 0.509900
32.500000 42.500000 1.816334 1.971945 0.243750 0.456865
35.000000 42.500000 1.442086 1.529909 0.229746 0.279118
37.500000 42.500000 1.660679 0.803159 0.503088 0.535562
40.000000 42.500000 2.129421 2.695652 0.403984 0.597875
42.500000 42.500000 3.187505 2.875059 0.220803 0.616087
45.000000 42.500000 1.995129 2.540126 0.580909 0.366601
47.500000 42.500000 3.418045 3.009641 0.259115 0.414306
50.000000 42.500000 3.221697 1.040856 0.615008 0.547226
0.000000 45.000000 2.410217 2.529768 0.262365 0.257040
2.500000 45.000000 3.664239 2.749751 0.384383 0.397664
5.000000 45.000000 0.968606 2.513146 0.339250 0.383758
7.500000 45.000000 0.792262 2.217363 0.138450 0.251380
10.000000 45.000000 3.119981 1.109531 0.328202 0.219268
12.500000 45.000000 3.140967 1.014287 0.102708 0.337643
15.000000 45.000000 1.617657 2.451906 0.337023 0.340052
17.500000 45.000000 2.865439 1.865402 0.211756 0.365527
20.000000 45.000000 1.474765 3.301408 0.347419 0.188719
22.500000 45.000000 3.120709 1.846735 0.089841 0.168063
25.000000 45.000000 3.639372 2.156935 0.408862 0.135617
27.500000 45.000000 0.800576 1.363336 0.389199 0.295288
30.000000 45.000000 1.189951 1.265541 0.208427 0.165034
32.500000 45.000000 2.763515 1.393450 0.109999 0.320107
35.000000 45.000000 2.033714 2.399109 0.411130 0.315848
37.500000 45.000000 1.461745 2.179335 0.309044 0.270909
40.000000 45.000000 3.479172 2.832597 0.116091 0.224789
42.500000 45.000000 1.349792 2.863296 0.155871 0.378240
45.000000 45.000000 1.423622 2.787516 0.385717 0.341142
47.500000 45.000000 0.973190 3.383438 0.294383 0.205997
50.000000 45.000000 1.794991 1.247701 0.242725 0.126450
0.000000 47.500000 3.231667 3.833320 0.155532 0.122527
2.500000 47.500000 2.305268 0.879878 0.188888 0.167114
5.000000 47.500000 3.686142 3.522412 0.158492 0.166506
7.500000 47.500000 2.382675 2.482307 0.111470 0.151191
10.000000 47.500000 1.469547 1.643203 0.193259 0.070829
12.500000 47.500000 3.853294 2.729028 0.077866 0.064925
15.000000 47.500000 3.099335 2.366634 0.164717 0.145587
17.500000 47.500000 3.554445 3.295463 0.106851 0.199262
20.000000 47.500000 2.812443 2.936007 0.066085 0.192702
22.500000 47.500000 1.851852 2.201895 0.139363 0.144894
25.000000 47.500000 2.186472 2.837025 0.149567 0.158167
27.500000 47.500000 3.443043 1.730501 0.162371 0.081612
30.000000 47.500000 2.336385 3.154659 0.151784 0.112210
32.500000 47.500000 2.686737 3.064790 0.076620 0.122137
35.000000 47.500000 3.882374 2.356952 0.145392 0.207427
37.500000 47.500000 1.099164 3.038478 0.115136 0.140400
40.000000 47.500000 3.194969 1.317264 0.064960 0.060580
42.500000 47.500000 2.904406 2.167770 0.197766 0.074336
45.000000 47.500000 2.527438 2.347033 0.073147 0.114559
47.500000 47.500000 1.376948 2.637920 0.122415 0.110927
50.000000 47.500000 0.845054 2.498700 0.169555 0.188813
0.000000 50.000000 3.194224 0.932308 0.000000 0.000000
2.500000 50.000000 3.960452 2.526415 0.000000 0.000000
5.000000 50.000000 3.178109 1.219070 0.000000 0.000000
7.500000 50.000000 1.931080 3.309644 0.000000 0.000000
10.000000 50.000000 3.740086 3.095707 0.000000 0.000000
12.500000 50.000000 1.106759 3.116046 0.000000 0.000000
15.000000 50.000000 3.382340 2.037467 0.000000 0.000000
17.500000 50.000000 3.967449 1.002537 0.000000 0.000000
20.000000 50.000000 3.325991 0.944038 0.000000 0.000000
22.500000 50.000000 3.911572 1.338093 0.000000 0.000000
25.000000 50.000000 3.068051 2.090020 0.000000 0.000000
27.500000 50.000000 2.066692 2.695704 0.000000 0.000000
30.000000 50.000000 2.769532 1.591140 0.000000 0.000000
32.500000 50.000000 3.701016 2.632223 0.000000 0.000000
35.000000 50.000000 1.537630 3.400694 0.000000 0.000000
37.500000 50.000000 1.674887 3.094108 0.000000 0.000000
40.000000 50.000000 2.838391 3.707584 0.000000 0.000000
42.500000 50.000000 1.420336 4.052780 0.000000 0.000000
45.000000 50.000000 2.786397 2.340430 0.000000 0.000000
47.500000 50.000000 1.575564 2.166186 0.000000 0.000000
50.000000 50.000000 3.494344 2.659581 0.000000 0.000000
