0.000000 0.000000 4.357050 4.356930 4.357150 4.357020
2.500000 0.000000 4.357050 4.356930 4.357150 4.357020
5.000000 0.000000 4.357050 4.356930 4.357150 4.357020
7.500000 0.000000 4.357050 4.356930 4.357150 4.357020
10.000000 0.000000 4.357050 4.356930 4.357150 4.357020
12.500000 0.000000 4.357050 4.356930 4.357150 4.357020
15.000000 0.000000 4.357050 4.356930 4.357150 4.357020
17.500000 0.000000 4.357050 4.356930 4.357150 4.357020
20.000000 0.000000 4.357050 4.356930 4.357150 4.357020
22.500000 0.000000 4.357050 4.356930 4.357150 4.357020
25.000000 0.000000 4.357050 4.356930 4.357150 4.357020
27.500000 0.000000 4.357050 4.356930 4.357150 4.357020
30.000000 0.000000 4.357050 4.356930 4.357150 4.357020
32.500000 0.000000 4.357050 4.356930 4.357150 4.357020
35.000000 0.000000 4.357050 4.356930 4.357150 4.357020
37.500000 0.000000 4.357050 4.356930 4.357150 4.357020
40.000000 0.000000 4.357050 4.356930 4.357150 4.357020
42.500000 0.000000 4.357050 4.356930 4.357150 4.357020
45.000000 0.000000 4.357050 4.356930 4.357150 4.357020
47.500000 0.000000 4.357050 4.356930 4.357150 4.357020
50.000000 0.000000 4.357050 4.356930 4.357150 4.357020
0.000000 2.500000 4.357050 4.356930 4.357150 4.357020
2.500000 2.500000 4.357050 4.356930 4.357150 4.357020
5.000000 2.500000 4.357050 4.356930 4.357150 4.357020
7.500000 2.500000 4.357050 4.356930 4.357150 4.357020
10.000000 2.500000 4.357050 4.356930 4.357150 4.357020
12.500000 2.500000 4.357050 4.356930 4.357150 4.357020
15.000000 2.500000 4.357050 4.356930 4.357150 4.357020
17.500000 2.500000 4.357050 4.356930 4.357150 4.357020
20.000000 2.500000 4.357050 4.356930 4.357150 4.357020
22.500000 2.500000 4.357050 4.356930 4.357150 4.357020
25.000000 2.500000 4.357050 4.356930 4.357150 4.357020
27.500000 2.500000 4.357050 4.356930 4.357150 4.357020
30.000000 2.500000 4.357050 4.356930 4.357150 4.357020
32.500000 2.500000 4.357050 4.356930 4.357150 4.357020
35.000000 2.500000 4.357050 4.356930 4.357150 4.357020
37.500000 2.500000 4.357050 4.356930 4.357150 4.357020
40.000000 2.500000 4.357050 4.356930 4.357150 4.357020
42.500000 2.500000 4.357050 4.356930 4.357150 4.357020
45.000000 2.500000 4.357050 4.356930 4.357150 4.357020
47.500000 2.500000 4.357050 4.356930 4.357150 4.357020
50.000000 2.500000 4.357050 4.356930 4.357150 4.357020
0.000000 5.000000 4.357060 4.356930 4.357140 4.357020
2.500000 5.000000 4.357060 4.356930 4.357140 4.357020
5.000000 5.000000 4.357060 4.356930 4.357140 4.357020
7.500000 5.000000 4.357060 4.356930 4.357140 4.357020
10.000000 5.000000 4.357060 4.356930 4.357140 4.357020
12.500000 5.000000 4.357060 4.356930 4.357140 4.357020
15.000000 5.000000 4.357060 4.356930 4.357140 4.357020
17.500000 5.000000 4.357060 4.356930 4.357140 4.357020
20.000000 5.000000 4.357060 4.356930 4.357140 4.357020
22.500000 5.000000 4.357060 4.356930 4.357140 4.357020
25.000000 5.000000 4.357060 4.356930 4.357140 4.357020
27.500000 5.000000 4.357060 4.356930 4.357140 4.357020
30.000000 5.000000 4.357060 4.356930 4.357140 4.357020
32.500000 5.000000 4.357060 4.356930 4.357140 4.357020
35.000000 5.000000 4.357060 4.356930 4.357140 4.357020
37.500000 5.000000 4.357060 4.356930 4.357140 4.357020
40.000000 5.000000 4.357060 4.356930 4.357140 4.357020
42.500000 5.000000 4.357060 4.356930 4.357140 4.357020
45.000000 5.000000 4.357060 4.356930 4.357140 4.357020
47.500000 5.000000 4.357060 4.356930 4.357140 4.357020
50.000000 5.000000 4.357060 4.356930 4.357140 4.357020
0.000000 7.500000 4.357060 4.356930 4.357140 4.357010
2.500000 7.500000 4.357060 4.356930 4.357140 4.357010
5.000000 7.500000 4.357060 4.356930 4.357140 4.357010
7.500000 7.500000 4.357060 4.356930 4.357140 4.357010
10.000000 7.500000 4.357060 4.356930 4.357140 4.357010
12.500000 7.500000 4.357060 4.356930 4.357140 4.357010
15.000000 7.500000 4.357060 4.356930 4.357140 4.357010
17.500000 7.500000 4.357060 4.356930 4.357140 4.357010
20.000000 7.500000 4.357060 4.356930 4.357140 4.357010
22.500000 7.500000 4.357060 4.356930 4.357140 4.357010
25.000000 7.500000 4.357060 4.356930 4.357140 4.357010
27.500000 7.500000 4.357060 4.356930 4.357140 4.357010
30.000000 7.500000 4.357060 4.356930 4.357140 4.357010
32.500000 7.500000 4.357060 4.356930 4.357140 4.357010
35.000000 7.500000 4.357060 4.356930 4.357140 4.357010
37.500000 7.500000 4.357060 4.356930 4.357140 4.357010
40.000000 7.500000 4.357060 4.356930 4.357140 4.357010
42.500000 7.500000 4.357060 4.356930 4.357140 4.357010
45.000000 7.500000 4.357060 4.356930 4.357140 4.357010
47.500000 7.500000 4.357060 4.356930 4.357140 4.357010
50.000000 7.500000 4.357060 4.356930 4.357140 4.357010
0.000000 10.000000 4.357060 4.356940 4.357140 4.357010
2.500000 10.000000 4.357060 4.356940 4.357140 4.357010
5.000000 10.000000 4.357060 4.356940 4.357140 4.357010
7.500000 10.000000 4.357060 4.356940 4.357140 4.357010
10.000000 10.000000 4.357060 4.356940 4.357140 4.357010
12.500000 10.000000 4.357060 4.356940 4.357140 4.357010
15.000000 10.000000 4.357060 4.356940 4.357140 4.357010
17.500000 10.000000 4.357060 4.356940 4.357140 4.357010
20.000000 10.000000 4.357060 4.356940 4.357140 4.357010
22.500000 10.000000 4.357060 4.356940 4.357140 4.357010
25.000000 10.000000 4.357060 4.356940 4.357140 4.357010
27.500000 10.000000 4.357060 4.356940 4.357140 4.357010
30.000000 10.000000 4.357060 4.356940 4.357140 4.357010
32.500000 10.000000 4.357060 4.356940 4.357140 4.357010
35.000000 10.000000 4.357060 4.356940 4.357140 4.357010
37.500000 10.000000 4.357060 4.356940 4.357140 4.357010
40.000000 10.000000 4.357060 4.356940 4.357140 4.357010
42.500000 10.000000 4.357060 4.356940 4.357140 4.357010
45.000000 10.000000 4.357060 4.356940 4.357140 4.357010
47.500000 10.000000 4.357060 4.356940 4.357140 4.357010
50.000000 10.000000 4.357060 4.356940 4.357140 4.357010
0.000000 12.500000 4.357070 4.356940 4.357130 4.357000
2.500000 12.500000 4.357070 4.356940 4.357130 4.357000
5.000000 12.500000 4.357070 4.356940 4.357130 4.357000
7.500000 12.500000 4.357070 4.356940 4.357130 4.357000
10.000000 12.500000 4.357070 4.356940 4.357130 4.357000
12.500000 12.500000 4.357070 4.356940 4.357130 4.357000
15.000000 12.500000 4.357070 4.356940 4.357130 4.357000
17.500000 12.500000 4.357070 4.356940 4.357130 4.357000
20.000000 12.500000 4.357070 4.356940 4.357130 4.357000
22.500000 12.500000 4.357070 4.356940 4.357130 4.357000
25.000000 12.500000 4.357070 4.356940 4.357130 4.357000
27.500000 12.500000 4.357070 4.356940 4.357130 4.357000
30.000000 12.500000 4.357070 4.356940 4.357130 4.357000
32.500000 12.500000 4.357070 4.356940 4.357130 4.357000
35.000000 12.500000 4.357070 4.356940 4.357130 4.357000
37.500000 12.500000 4.357070 4.356940 4.357130 4.357000
40.000000 12.500000 4.357070 4.356940 4.357130 4.357000
42.500000 12.500000 4.357070 4.356940 4.357130 4.357000
45.000000 12.500000 4.357070 4.356940 4.357130 4.357000
47.500000 12.500000 4.357070 4.356940 4.357130 4.357000
50.000000 12.500000 4.357070 4.356940 4.357130 4.357000
0.000000 15.000000 4.357070 4.356950 4.357130 4.357000
2.500000 15.000000 4.357070 4.356950 4.357130 4.357000
5.000000 15.000000 4.357070 4.356950 4.357130 4.357000
7.500000 15.000000 4.357070 4.356950 4.357130 4.357000
10.000000 15.000000 4.357070 4.356950 4.357130 4.357000
12.500000 15.000000 4.357070 4.356950 4.357130 4.357000
15.000000 15.000000 4.357070 4.356950 4.357130 4.357000
17.500000 15.000000 4.357070 4.356950 4.357130 4.357000
20.000000 15.000000 4.357070 4.356950 4.357130 4.357000
22.500000 15.000000 4.357070 4.356950 4.357130 4.357000
25.000000 15.000000 4.357070 4.356950 4.357130 4.357000
27.500000 15.000000 4.357070 4.356950 4.357130 4.357000
30.000000 15.000000 4.357070 4.356950 4.357130 4.357000
32.500000 15.000000 4.357070 4.356950 4.357130 4.357000
35.000000 15.000000 4.357070 4.356950 4.357130 4.357000
37.500000 15.000000 4.357070 4.356950 4.357130 4.357000
40.000000 15.000000 4.357070 4.356950 4.357130 4.357000
42.500000 15.000000 4.357070 4.356950 4.357130 4.357000
45.000000 15.000000 4.357070 4.356950 4.357130 4.357000
47.500000 15.000000 4.357070 4.356950 4.357130 4.357000
50.000000 15.000000 4.357070 4.356950 4.357130 4.357000
0.000000 17.500000 4.357080 4.356950 4.357120 4.356990
2.500000 17.500000 4.357080 4.356950 4.357120 4.356990
5.000000 17.500000 4.357080 4.356950 4.357120 4.356990
7.500000 17.500000 4.357080 4.356950 4.357120 4.356990
10.000000 17.500000 4.357080 4.356950 4.357120 4.356990
12.500000 17.500000 4.357080 4.356950 4.357120 4.356990
15.000000 17.500000 4.357080 4.356950 4.357120 4.356990
17.500000 17.500000 4.357080 4.356950 4.357120 4.356990
20.000000 17.500000 4.357080 4.356950 4.357120 4.356990
22.500000 17.500000 4.357080 4.356950 4.357120 4.356990
25.000000 17.500000 4.357080 4.356950 4.357120 4.356990
27.500000 17.500000 4.357080 4.356950 4.357120 4.356990
30.000000 17.500000 4.357080 4.356950 4.357120 4.356990
32.500000 17.500000 4.357080 4.356950 4.357120 4.356990
35.000000 17.500000 4.357080 4.356950 4.357120 4.356990
37.500000 17.500000 4.357080 4.356950 4.357120 4.356990
40.000000 17.500000 4.357080 4.356950 4.357120 4.356990
42.500000 17.500000 4.357080 4.356950 4.357120 4.356990
45.000000 17.500000 4.357080 4.356950 4.357120 4.356990
47.500000 17.500000 4.357080 4.356950 4.357120 4.356990
50.000000 17.500000 4.357080 4.356950 4.357120 4.356990
0.000000 20.000000 4.357090 4.356960 4.357110 4.356980
2.500000 20.000000 4.357090 4.356960 4.357110 4.356980
5.000000 20.000000 4.357090 4.356960 4.357110 4.356980
7.500000 20.000000 4.357090 4.356960 4.357110 4.356980
10.000000 20.000000 4.357090 4.356960 4.357110 4.356980
12.500000 20.000000 4.357090 4.356960 4.357110 4.356990
15.000000 20.000000 4.357090 4.356960 4.357110 4.356990
17.500000 20.000000 4.357090 4.356960 4.357110 4.356990
20.000000 20.000000 4.357090 4.356960 4.357110 4.356990
22.500000 20.000000 4.357090 4.356960 4.357110 4.356990
25.000000 20.000000 4.357090 4.356960 4.357110 4.356990
27.500000 20.000000 4.357090 4.356960 4.357110 4.356990
30.000000 20.000000 4.357090 4.356960 4.357110 4.356990
32.500000 20.000000 4.357090 4.356960 4.357110 4.356990
35.000000 20.000000 4.357090 4.356960 4.357110 4.356990
37.500000 20.000000 4.357090 4.356960 4.357110 4.356990
40.000000 20.000000 4.357090 4.356960 4.357110 4.356990
42.500000 20.000000 4.357090 4.356960 4.357110 4.356990
45.000000 20.000000 4.357090 4.356960 4.357110 4.356990
47.500000 20.000000 4.357090 4.356960 4.357110 4.356990
50.000000 20.000000 4.357090 4.356960 4.357110 4.356990
0.000000 22.500000 4.357100 4.356970 4.357110 4.356980
2.500000 22.500000 4.357100 4.356970 4.357110 4.356980
5.000000 22.500000 4.357100 4.356970 4.357110 4.356980
7.500000 22.500000 4.357100 4.356970 4.357110 4.356980
10.000000 22.500000 4.357100 4.356970 4.357110 4.356980
12.500000 22.500000 4.357100 4.356970 4.357110 4.356980
15.000000 22.500000 4.357100 4.356970 4.357110 4.356980
17.500000 22.500000 4.357100 4.356970 4.357110 4.356980
20.000000 22.500000 4.357100 4.356970 4.357110 4.356980
22.500000 22.500000 4.357100 4.356970 4.357110 4.356980
25.000000 22.500000 4.357100 4.356970 4.357110 4.356980
27.500000 22.500000 4.357100 4.356970 4.357110 4.356980
30.000000 22.500000 4.357100 4.356970 4.357110 4.356980
32.500000 22.500000 4.357100 4.356970 4.357110 4.356980
35.000000 22.500000 4.357100 4.356970 4.357110 4.356980
37.500000 22.500000 4.357100 4.356970 4.357110 4.356980
40.000000 22.500000 4.357100 4.356970 4.357110 4.356980
42.500000 22.500000 4.357100 4.356970 4.357110 4.356980
45.000000 22.500000 4.357100 4.356970 4.357110 4.356980
47.500000 22.500000 4.357100 4.356970 4.357110 4.356980
50.000000 22.500000 4.357100 4.356970 4.357110 4.356980
0.000000 25.000000 4.357100 4.356980 4.357100 4.356970
2.500000 25.000000 4.357100 4.356980 4.357100 4.356970
5.000000 25.000000 4.357100 4.356980 4.357100 4.356970
7.500000 25.000000 4.357100 4.356980 4.357100 4.356970
10.000000 25.000000 4.357100 4.356980 4.357100 4.356970
12.500000 25.000000 4.357100 4.356980 4.357100 4.356970
15.000000 25.000000 4.357100 4.356980 4.357100 4.356970
17.500000 25.000000 4.357100 4.356980 4.357100 4.356970
20.000000 25.000000 4.357100 4.356980 4.357100 4.356970
22.500000 25.000000 4.357100 4.356980 4.357100 4.356970
25.000000 25.000000 4.357100 4.356980 4.357100 4.356970
27.500000 25.000000 4.357100 4.356980 4.357100 4.356970
30.000000 25.000000 4.357100 4.356980 4.357100 4.356970
32.500000 25.000000 4.357100 4.356980 4.357100 4.356970
35.000000 25.000000 4.357100 4.356980 4.357100 4.356970
37.500000 25.000000 4.357100 4.356980 4.357100 4.356970
40.000000 25.000000 4.357100 4.356980 4.357100 4.356970
42.500000 25.000000 4.357100 4.356980 4.357100 4.356970
45.000000 25.000000 4.357100 4.356980 4.357100 4.356970
47.500000 25.000000 4.357100 4.356980 4.357100 4.356970
50.000000 25.000000 4.357100 4.356980 4.357100 4.356970
0.000000 27.500000 4.357110 4.356980 4.357090 4.356960
2.500000 27.500000 4.357110 4.356980 4.357090 4.356960
5.000000 27.500000 4.357110 4.356980 4.357090 4.356960
7.500000 27.500000 4.357110 4.356980 4.357090 4.356960
10.000000 27.500000 4.357110 4.356980 4.357090 4.356960
12.500000 27.500000 4.357110 4.356980 4.357090 4.356960
15.000000 27.500000 4.357110 4.356980 4.357090 4.356960
17.500000 27.500000 4.357110 4.356980 4.357090 4.356960
20.000000 27.500000 4.357110 4.356980 4.357090 4.356960
22.500000 27.500000 4.357110 4.356980 4.357090 4.356960
25.000000 27.500000 4.357110 4.356980 4.357090 4.356960
27.500000 27.500000 4.357110 4.356980 4.357090 4.356960
30.000000 27.500000 4.357110 4.356980 4.357090 4.356960
32.500000 27.500000 4.357110 4.356980 4.357090 4.356960
35.000000 27.500000 4.357110 4.356980 4.357090 4.356960
37.500000 27.500000 4.357110 4.356980 4.357090 4.356960
40.000000 27.500000 4.357110 4.356980 4.357090 4.356960
42.500000 27.500000 4.357110 4.356980 4.357090 4.356960
45.000000 27.500000 4.357110 4.356980 4.357090 4.356960
47.500000 27.500000 4.357110 4.356980 4.357090 4.356960
50.000000 27.500000 4.357110 4.356980 4.357090 4.356960
0.000000 30.000000 4.357120 4.356990 4.357080 4.356950
2.500000 30.000000 4.357120 4.356990 4.357080 4.356950
5.000000 30.000000 4.357120 4.356990 4.357080 4.356950
7.500000 30.000000 4.357120 4.356990 4.357080 4.356950
10.000000 30.000000 4.357120 4.356990 4.357080 4.356950
12.500000 30.000000 4.357120 4.356990 4.357080 4.356950
15.000000 30.000000 4.357120 4.356990 4.357080 4.356950
17.500000 30.000000 4.357120 4.356990 4.357080 4.356950
20.000000 30.000000 4.357120 4.356990 4.357080 4.356950
22.500000 30.000000 4.357120 4.356990 4.357080 4.356950
25.000000 30.000000 4.357120 4.356990 4.357080 4.356950
27.500000 30.000000 4.357120 4.356990 4.357080 4.356950
30.000000 30.000000 4.357120 4.356990 4.357080 4.356950
32.500000 30.000000 4.357120 4.356990 4.357080 4.356950
35.000000 30.000000 4.357120 4.356990 4.357080 4.356950
37.500000 30.000000 4.357120 4.356990 4.357080 4.356950
40.000000 30.000000 4.357120 4.356990 4.357080 4.356950
42.500000 30.000000 4.357120 4.356990 4.357080 4.356950
45.000000 30.000000 4.357120 4.356990 4.357080 4.356950
47.500000 30.000000 4.357120 4.356990 4.357080 4.356950
50.000000 30.000000 4.357120 4.356990 4.357080 4.356950
0.000000 32.500000 4.357130 4.357000 4.357080 4.356950
2.500000 32.500000 4.357130 4.357000 4.357080 4.356950
5.000000 32.500000 4.357130 4.357000 4.357080 4.356950
7.500000 32.500000 4.357130 4.357000 4.357080 4.356950
10.000000 32.500000 4.357130 4.357000 4.357080 4.356950
12.500000 32.500000 4.357130 4.357000 4.357080 4.356950
15.000000 32.500000 4.357130 4.357000 4.357080 4.356950
17.500000 32.500000 4.357130 4.357000 4.357080 4.356950
20.000000 32.500000 4.357130 4.357000 4.357080 4.356950
22.500000 32.500000 4.357130 4.357000 4.357080 4.356950
25.000000 32.500000 4.357130 4.357000 4.357080 4.356950
27.500000 32.500000 4.357130 4.357000 4.357080 4.356950
30.000000 32.500000 4.357130 4.357000 4.357080 4.356950
32.500000 32.500000 4.357130 4.357000 4.357080 4.356950
35.000000 32.500000 4.357130 4.357000 4.357080 4.356950
37.500000 32.500000 4.357130 4.357000 4.357080 4.356950
40.000000 32.500000 4.357130 4.357000 4.357080 4.356950
42.500000 32.500000 4.357130 4.357000 4.357080 4.356950
45.000000 32.500000 4.357130 4.357000 4.357080 4.356950
47.500000 32.500000 4.357130 4.357000 4.357080 4.356950
50.000000 32.500000 4.357130 4.357000 4.357080 4.356950
0.000000 35.000000 4.357130 4.357010 4.357070 4.356940
2.500000 35.000000 4.357130 4.357010 4.357070 4.356940
5.000000 35.000000 4.357130 4.357010 4.357070 4.356940
7.500000 35.000000 4.357130 4.357010 4.357070 4.356940
10.000000 35.000000 4.357130 4.357010 4.357070 4.356940
12.500000 35.000000 4.357130 4.357010 4.357070 4.356940
15.000000 35.000000 4.357130 4.357010 4.357070 4.356940
17.500000 35.000000 4.357130 4.357010 4.357070 4.356940
20.000000 35.000000 4.357130 4.357010 4.357070 4.356940
22.500000 35.000000 4.357130 4.357010 4.357070 4.356940
25.000000 35.000000 4.357130 4.357010 4.357070 4.356940
27.500000 35.000000 4.357130 4.357010 4.357070 4.356940
30.000000 35.000000 4.357130 4.357010 4.357070 4.356940
32.500000 35.000000 4.357130 4.357010 4.357070 4.356940
35.000000 35.000000 4.357130 4.357010 4.357070 4.356940
37.500000 35.000000 4.357130 4.357010 4.357070 4.356940
40.000000 35.000000 4.357130 4.357010 4.357070 4.356940
42.500000 35.000000 4.357130 4.357010 4.357070 4.356940
45.000000 35.000000 4.357130 4.357010 4.357070 4.356940
47.500000 35.000000 4.357130 4.357010 4.357070 4.356940
50.000000 35.000000 4.357130 4.357010 4.357070 4.356940
0.000000 37.500000 4.357140 4.357010 4.357060 4.356930
2.500000 37.500000 4.357140 4.357010 4.357060 4.356930
5.000000 37.500000 4.357140 4.357010 4.357060 4.356930
7.500000 37.500000 4.357140 4.357010 4.357060 4.356930
10.000000 37.500000 4.357140 4.357010 4.357060 4.356930
12.500000 37.500000 4.357140 4.357010 4.357060 4.356930
15.000000 37.500000 4.357140 4.357010 4.357060 4.356930
17.500000 37.500000 4.357140 4.357010 4.357060 4.356930
20.000000 37.500000 4.357140 4.357010 4.357060 4.356930
22.500000 37.500000 4.357140 4.357010 4.357060 4.356930
25.000000 37.500000 4.357140 4.357010 4.357060 4.356930
27.500000 37.500000 4.357140 4.357010 4.357060 4.356930
30.000000 37.500000 4.357140 4.357010 4.357060 4.356930
32.500000 37.500000 4.357140 4.357010 4.357060 4.356930
35.000000 37.500000 4.357140 4.357010 4.357060 4.356930
37.500000 37.500000 4.357140 4.357010 4.357060 4.356930
40.000000 37.500000 4.357140 4.357010 4.357060 4.356930
42.500000 37.500000 4.357140 4.357010 4.357060 4.356930
45.000000 37.500000 4.357140 4.357010 4.357060 4.356930
47.500000 37.500000 4.357140 4.357010 4.357060 4.356930
50.000000 37.500000 4.357140 4.357010 4.357060 4.356930
0.000000 40.000000 4.357140 4.357020 4.357060 4.356930
2.500000 40.000000 4.357140 4.357020 4.357060 4.356930
5.000000 40.000000 4.357140 4.357020 4.357060 4.356930
7.500000 40.000000 4.357140 4.357020 4.357060 4.356930
10.000000 40.000000 4.357140 4.357020 4.357060 4.356930
12.500000 40.000000 4.357140 4.357020 4.357060 4.356930
15.000000 40.000000 4.357140 4.357020 4.357060 4.356930
17.500000 40.000000 4.357140 4.357020 4.357060 4.356930
20.000000 40.000000 4.357140 4.357020 4.357060 4.356930
22.500000 40.000000 4.357140 4.357020 4.357060 4.356930
25.000000 40.000000 4.357140 4.357020 4.357060 4.356930
27.500000 40.000000 4.357140 4.357020 4.357060 4.356930
30.000000 40.000000 4.357140 4.357020 4.357060 4.356930
32.500000 40.000000 4.357140 4.357020 4.357060 4.356930
35.000000 40.000000 4.357140 4.357020 4.357060 4.356930
37.500000 40.000000 4.357140 4.357020 4.357060 4.356930
40.000000 40.000000 4.357140 4.357020 4.357060 4.356930
42.500000 40.000000 4.357140 4.357020 4.357060 4.356930
45.000000 40.000000 4.357140 4.357020 4.357060 4.356930
47.500000 40.000000 4.357140 4.357020 4.357060 4.356930
50.000000 40.000000 4.357140 4.357020 4.357060 4.356930
0.000000 42.500000 4.357150 4.357020 4.357050 4.356930
2.500000 42.500000 4.357150 4.357020 4.357050 4.356930
5.000000 42.500000 4.357150 4.357020 4.357050 4.356930
7.500000 42.500000 4.357150 4.357020 4.357050 4.356930
10.000000 42.500000 4.357150 4.357020 4.357050 4.356930
12.500000 42.500000 4.357150 4.357020 4.357050 4.356930
15.000000 42.500000 4.357150 4.357020 4.357050 4.356930
17.500000 42.500000 4.357150 4.357020 4.357050 4.356930
20.000000 42.500000 4.357150 4.357020 4.357050 4.356930
22.500000 42.500000 4.357150 4.357020 4.357050 4.356930
25.000000 42.500000 4.357150 4.357020 4.357050 4.356930
27.500000 42.500000 4.357150 4.357020 4.357050 4.356930
30.000000 42.500000 4.357150 4.357020 4.357050 4.356930
32.500000 42.500000 4.357150 4.357020 4.357050 4.356930
35.000000 42.500000 4.357150 4.357020 4.357050 4.356930
37.500000 42.500000 4.357150 4.357020 4.357050 4.356930
40.000000 42.500000 4.357150 4.357020 4.357050 4.356930
42.500000 42.500000 4.357150 4.357020 4.357050 4.356930
45.000000 42.500000 4.357150 4.357020 4.357050 4.356930
47.500000 42.500000 4.357150 4.357020 4.357050 4.356930
50.000000 42.500000 4.357150 4.357020 4.357050 4.356930
0.000000 45.000000 4.357150 4.357020 4.357050 4.356920
2.500000 45.000000 4.357150 4.357020 4.357050 4.356920
5.000000 45.000000 4.357150 4.357020 4.357050 4.356920
7.500000 45.000000 4.357150 4.357020 4.357050 4.356920
10.000000 45.000000 4.357150 4.357020 4.357050 4.356920
12.500000 45.000000 4.357150 4.357020 4.357050 4.356920
15.000000 45.000000 4.357150 4.357020 4.357050 4.356920
17.500000 45.000000 4.357150 4.357020 4.357050 4.356920
20.000000 45.000000 4.357150 4.357020 4.357050 4.356920
22.500000 45.000000 4.357150 4.357020 4.357050 4.356920
25.000000 45.000000 4.357150 4.357020 4.357050 4.356920
27.500000 45.000000 4.357150 4.357020 4.357050 4.356920
30.000000 45.000000 4.357150 4.357020 4.357050 4.356920
32.500000 45.000000 4.357150 4.357020 4.357050 4.356920
35.000000 45.000000 4.357150 4.357020 4.357050 4.356920
37.500000 45.000000 4.357150 4.357020 4.357050 4.356920
40.000000 45.000000 4.357150 4.357020 4.357050 4.356920
42.500000 45.000000 4.357150 4.357020 4.357050 4.356920
45.000000 45.000000 4.357150 4.357020 4.357050 4.356920
47.500000 45.000000 4.357150 4.357020 4.357050 4.356920
50.000000 45.000000 4.357150 4.357020 4.357050 4.356920
0.000000 47.500000 4.357150 4.357030 4.357050 4.356920
2.500000 47.500000 4.357150 4.357030 4.357050 4.356920
5.000000 47.500000 4.357150 4.357030 4.357050 4.356920
7.500000 47.500000 4.357150 4.357030 4.357050 4.356920
10.000000 47.500000 4.357150 4.357030 4.357050 4.356920
12.500000 47.500000 4.357150 4.357030 4.357050 4.356920
15.000000 47.500000 4.357150 4.357030 4.357050 4.356920
17.500000 47.500000 4.357150 4.357030 4.357050 4.356920
20.000000 47.500000 4.357150 4.357030 4.357050 4.356920
22.500000 47.500000 4.357150 4.357030 4.357050 4.356920
25.000000 47.500000 4.357150 4.357030 4.357050 4.356920
27.500000 47.500000 4.357150 4.357030 4.357050 4.356920
30.000000 47.500000 4.357150 4.357030 4.357050 4.356920
32.500000 47.500000 4.357150 4.357030 4.357050 4.356920
35.000000 47.500000 4.357150 4.357030 4.357050 4.356920
37.500000 47.500000 4.357150 4.357030 4.357050 4.356920
40.000000 47.500000 4.357150 4.357030 4.357050 4.356920
42.500000 47.500000 4.357150 4.357030 4.357050 4.356920
45.000000 47.500000 4.357150 4.357030 4.357050 4.356920
47.500000 47.500000 4.357150 4.357030 4.357050 4.356920
50.000000 47.500000 4.357150 4.357030 4.357050 4.356920
0.000000 50.000000 4.357150 4.357030 4.357050 4.356920
2.500000 50.000000 4.357150 4.357030 4.357050 4.356920
5.000000 50.000000 4.357150 4.357030 4.357050 4.356920
7.500000 50.000000 4.357150 4.357030 4.357050 4.356920
10.000000 50.000000 4.357150 4.357030 4.357050 4.356920
12.500000 50.000000 4.357150 4.357030 4.357050 4.356920
15.000000 50.000000 4.357150 4.357030 4.357050 4.356920
17.500000 50.000000 4.357150 4.357030 4.357050 4.356920
20.000000 50.000000 4.357150 4.357030 4.357050 4.356920
22.500000 50.000000 4.357150 4.357030 4.357050 4.356920
25.000000 50.000000 4.357150 4.357030 4.357050 4.356920
27.500000 50.000000 4.357150 4.357030 4.357050 4.356920
30.000000 50.000000 4.357150 4.357030 4.357050 4.356920
32.500000 50.000000 4.357150 4.357030 4.357050 4.356920
35.000000 50.000000 4.357150 4.357030 4.357050 4.356920
37.500000 50.000000 4.357150 4.357030 4.357050 4.356920
40.000000 50.000000 4.357150 4.357030 4.357050 4.356920
42.500000 50.000000 4.357150 4.357030 4.357050 4.356920
45.000000 50.000000 4.357150 4.357030 4.357050 4.356920
47.500000 50.000000 4.357150 4.357030 4.357050 4.356920
50.000000 50.000000 4.357150 4.357030 4.357050 4.356920
