0.000000 0.000000 1.266856 0.672377 2.636137 2.603648
2.500000 0.000000 1.211127 1.026258 2.440351 2.143425
5.000000 0.000000 0.621831 0.592309 1.112043 2.697137
7.500000 0.000000 1.258986 1.019283 1.101156 1.086295
10.000000 0.000000 1.373975 0.928035 1.276245 1.194193
12.500000 0.000000 0.757818 1.227268 1.212145 1.168359
15.000000 0.000000 0.556264 1.384451 1.190838 2.135250
17.500000 0.000000 1.097653 0.478027 2.824557 1.767220
20.000000 0.000000 0.824311 1.377098 2.498357 1.885693
22.500000 0.000000 0.756789 0.978386 2.641170 1.840322
25.000000 0.000000 0.952380 0.499168 2.060357 2.956546
27.500000 0.000000 0.890219 0.523282 1.378373 1.160584
30.000000 0.000000 0.560878 0.947255 1.385013 2.714547
32.500000 0.000000 0.487835 0.764542 2.832692 0.995443
35.000000 0.000000 1.396118 0.762811 1.823055 2.517523
37.500000 0.000000 0.963946 0.541978 1.029514 2.072113
40.000000 0.000000 1.262418 0.967557 1.078192 1.251874
42.500000 0.000000 0.948487 1.041476 1.642650 1.351913
45.000000 0.000000 0.646839 0.595602 2.208491 2.402858
47.500000 0.000000 1.165009 1.145934 2.741028 2.150734
50.000000 0.000000 0.668417 0.642693 1.001991 2.788703
0.000000 2.500000 0.873792 1.121819 2.374041 2.174032
2.500000 2.500000 1.223551 0.564060 1.715690 2.524192
5.000000 2.500000 1.276842 0.995291 2.815952 2.817142
7.500000 2.500000 0.717090 0.684108 2.043300 2.311698
10.000000 2.500000 0.616431 1.298307 2.522313 2.565997
12.500000 2.500000 1.083290 0.999106 2.494808 2.537276
15.000000 2.500000 1.390314 0.734512 1.032456 2.719942
17.500000 2.500000 0.808803 1.308677 1.740980 1.915991
20.000000 2.500000 1.350670 0.532141 1.283684 1.485151
22.500000 2.500000 0.854705 1.175060 1.756548 2.479827
25.000000 2.500000 0.668446 1.375014 2.329633 1.777820
27.500000 2.500000 0.609665 1.139149 2.200844 1.954710
30.000000 2.500000 0.851821 1.154892 1.281458 1.376673
32.500000 2.500000 1.129794 0.779514 1.701882 1.048186
35.000000 2.500000 1.058180 1.293688 2.785374 2.016883
37.500000 2.500000 1.070158 0.487689 2.375285 1.279982
40.000000 2.500000 0.532392 1.364138 1.678734 1.211987
42.500000 2.500000 0.727574 1.139916 1.360213 1.675690
45.000000 2.500000 1.347734 0.834706 1.379790 2.671530
47.500000 2.500000 0.958255 1.369614 1.485585 2.326853
50.000000 2.500000 0.700967 0.845477 1.405981 2.092405
0.000000 5.000000 1.359235 1.337024 1.252246 2.018358
2.500000 5.000000 0.915074 0.476265 1.611128 1.105266
5.000000 5.000000 1.344314 0.910668 1.807989 1.005028
7.500000 5.000000 0.614077 1.002817 2.654542 1.333119
10.000000 5.000000 0.589606 0.933303 1.522006 1.703999
12.500000 5.000000 0.604950 0.784201 1.086941 1.158626
15.000000 5.000000 0.738010 0.932140 2.047346 2.837814
17.500000 5.000000 1.393042 0.581562 1.977459 1.142435
20.000000 5.000000 1.334259 0.605927 2.139110 1.022461
22.500000 5.000000 0.620063 0.579301 1.608561 2.454606
25.000000 5.000000 1.269998 1.373360 1.295904 2.709028
27.500000 5.000000 0.940678 1.355015 2.012461 2.170015
30.000000 5.000000 1.189550 1.084667 2.868138 2.349649
32.500000 5.000000 0.962610 0.745025 2.960717 1.971336
35.000000 5.000000 0.830683 0.748075 2.242025 2.125864
37.500000 5.000000 0.719720 0.500771 2.943111 2.332006
40.000000 5.000000 0.548758 1.180724 2.247215 1.540746
42.500000 5.000000 0.740460 1.290468 2.099919 1.374144
45.000000 5.000000 1.415433 0.554340 1.726782 2.469204
47.500000 5.000000 1.131624 0.813398 1.206548 1.918181
50.000000 5.000000 1.147077 1.340268 2.634936 1.963222
0.000000 7.500000 1.265043 0.803615 2.014415 2.507802
2.500000 7.500000 1.161241 0.963445 1.048870 2.928972
5.000000 7.500000 1.299126 0.702444 2.838654 2.465963
7.500000 7.500000 1.107613 1.008177 2.650464 1.935100
10.000000 7.500000 1.049172 1.413542 1.838282 1.030500
12.500000 7.500000 1.089479 1.047680 1.597720 1.103542
15.000000 7.500000 0.649306 1.116868 2.758228 2.640104
17.500000 7.500000 1.266238 0.541744 1.123046 2.071616
20.000000 7.500000 1.134055 0.716866 1.112571 1.761128
22.500000 7.500000 0.523496 1.006098 2.522811 1.886294
25.000000 7.500000 0.688228 0.752131 1.944734 2.024086
27.500000 7.500000 0.903057 0.631720 1.835969 0.998845
30.000000 7.500000 0.496067 1.033972 1.144133 2.862462
32.500000 7.500000 0.547952 1.191299 1.770413 1.715235
35.000000 7.500000 1.399042 0.564030 1.303236 1.835151
37.500000 7.500000 1.107858 1.123375 1.219797 1.277612
40.000000 7.500000 1.302600 1.212847 1.176961 2.538068
42.500000 7.500000 0.801363 0.923581 2.824238 1.245514
45.000000 7.500000 1.206256 1.087999 1.517100 1.237125
47.500000 7.500000 1.201827 1.122482 1.630098 2.768748
50.000000 7.500000 1.055719 0.899589 2.049098 2.345141
0.000000 10.000000 1.151550 1.107938 1.371374 1.310360
2.500000 10.000000 0.478099 1.193139 1.807214 2.662925
5.000000 10.000000 1.070074 1.358642 2.690996 1.873939
7.500000 10.000000 1.302532 0.590336 2.907677 2.754775
10.000000 10.000000 1.279116 0.496865 2.843619 2.664138
12.500000 10.000000 1.025995 0.628367 1.335942 1.897021
15.000000 10.000000 1.341112 0.935425 1.204337 1.409271
17.500000 10.000000 1.415030 1.045461 1.495272 2.750906
20.000000 10.000000 1.060943 0.607511 1.482628 2.290378
22.500000 10.000000 1.016747 0.571079 1.569125 1.624602
25.000000 10.000000 0.893088 0.476219 1.622246 2.200945
27.500000 10.000000 1.240473 0.510263 1.862168 2.311720
30.000000 10.000000 0.591346 0.950809 2.060998 1.689082
32.500000 10.000000 1.387133 0.948912 2.665546 2.501944
35.000000 10.000000 0.787719 0.951488 1.878060 2.752603
37.500000 10.000000 1.046779 1.365133 1.613478 1.145026
40.000000 10.000000 0.677415 0.828922 1.778110 1.642668
42.500000 10.000000 0.912296 0.924162 2.273753 2.518864
45.000000 10.000000 1.344617 0.823088 0.993646 1.165797
47.500000 10.000000 1.094733 1.306869 2.829130 2.010792
50.000000 10.000000 0.787652 1.099765 1.773144 1.872397
0.000000 12.500000 0.477141 0.807835 2.071665 2.752728
2.500000 12.500000 1.303069 0.901161 2.510936 0.994207
5.000000 12.500000 0.589333 0.684380 1.634374 1.804945
7.500000 12.500000 0.654896 0.516879 2.157051 2.207175
10.000000 12.500000 1.088062 1.151593 2.600700 2.016983
12.500000 12.500000 1.294999 0.988871 2.656360 2.426507
15.000000 12.500000 1.221485 1.248269 2.908788 2.382908
17.500000 12.500000 0.593469 0.787415 2.117461 2.118135
20.000000 12.500000 0.682864 0.726294 1.205522 2.568573
22.500000 12.500000 1.149505 1.206356 1.109544 2.662737
25.000000 12.500000 1.407387 1.034691 2.915795 2.327379
27.500000 12.500000 1.404316 0.482521 1.902535 1.076571
30.000000 12.500000 0.878515 1.290335 1.460092 2.163761
32.500000 12.500000 1.374891 1.249965 2.604631 2.376641
35.000000 12.500000 1.262129 0.745929 1.686403 2.876463
37.500000 12.500000 1.262340 1.132186 1.651541 1.161666
40.000000 12.500000 0.612249 0.906495 2.089381 2.872236
42.500000 12.500000 1.074808 0.565260 1.960637 1.244531
45.000000 12.500000 0.795436 0.758423 2.194955 2.783249
47.500000 12.500000 0.631289 0.928390 2.711287 1.130621
50.000000 12.500000 0.493641 1.177828 2.452661 2.823344
0.000000 15.000000 0.647504 0.815852 2.098445 1.236330
2.500000 15.000000 1.024988 0.909338 1.439295 2.418409
5.000000 15.000000 1.133842 0.926636 1.285497 1.451589
7.500000 15.000000 0.796339 1.048221 2.038388 1.783229
10.000000 15.000000 0.913491 1.061739 1.599361 2.614033
12.500000 15.000000 0.706770 1.168476 2.196096 1.273236
15.000000 15.000000 0.814410 1.025509 1.307366 2.550135
17.500000 15.000000 1.175363 1.048002 1.645577 2.259273
20.000000 15.000000 1.208762 1.308605 2.656790 2.150177
22.500000 15.000000 1.176380 1.208443 1.282188 2.574109
25.000000 15.000000 1.001058 1.280417 2.669436 2.024209
27.500000 15.000000 1.312641 0.851632 1.858541 2.013862
30.000000 15.000000 1.155925 1.130633 1.328344 1.179628
32.500000 15.000000 1.321144 1.354437 1.214754 2.580444
35.000000 15.000000 0.523375 0.531894 1.521524 2.744790
37.500000 15.000000 1.251235 1.332668 2.062457 2.395198
40.000000 15.000000 1.379366 1.286531 2.881860 1.710867
42.500000 15.000000 0.928568 0.916723 1.137709 2.287380
45.000000 15.000000 0.922868 0.588830 2.418665 1.896691
47.500000 15.000000 0.582092 0.644222 1.700576 1.028809
50.000000 15.000000 0.514342 1.376697 2.754027 2.420872
0.000000 17.500000 1.332753 1.246373 2.457617 1.827981
2.500000 17.500000 1.350042 0.937907 1.086125 1.182557
5.000000 17.500000 0.980517 1.025424 0.993017 1.527193
7.500000 17.500000 0.585232 0.780228 1.926231 2.886582
10.000000 17.500000 0.772098 0.794257 1.959223 1.588742
12.500000 17.500000 1.239388 1.213195 2.356542 2.542568
15.000000 17.500000 0.858218 0.748685 2.789894 1.551097
17.500000 17.500000 0.634465 0.486523 2.441851 2.306640
20.000000 17.500000 1.001590 1.406642 1.480200 2.254860
22.500000 17.500000 0.785786 0.889487 1.387135 2.850717
25.000000 17.500000 0.594276 0.505406 2.542011 1.737088
27.500000 17.500000 0.543542 1.115275 2.631426 1.357556
30.000000 17.500000 0.987744 0.564964 2.203050 1.875560
32.500000 17.500000 0.660448 1.324626 2.232589 1.860294
35.000000 17.500000 1.254478 0.907299 1.601111 2.786331
37.500000 17.500000 0.525776 0.629015 2.880778 2.612867
40.000000 17.500000 0.577223 1.182367 1.512449 2.473291
42.500000 17.500000 0.491786 0.828642 2.189525 2.816905
45.000000 17.500000 0.995958 1.310685 0.994002 1.442143
47.500000 17.500000 1.180734 1.134083 2.813598 1.347282
50.000000 17.500000 0.668643 1.130415 2.448772 1.066812
0.000000 20.000000 0.759831 1.217452 2.209686 2.889783
2.500000 20.000000 0.691706 1.180855 1.807142 2.090559
5.000000 20.000000 0.654482 0.916635 2.129756 0.987708
7.500000 20.000000 1.303149 1.068661 1.002658 1.717804
10.000000 20.000000 0.510773 0.676431 2.386968 1.908483
12.500000 20.000000 0.608355 0.609958 1.932404 1.512715
15.000000 20.000000 0.700035 0.578005 1.159767 2.792419
17.500000 20.000000 0.701258 0.902765 1.153760 1.519877
20.000000 20.000000 0.564435 1.270996 1.213724 1.542800
22.500000 20.000000 0.823223 0.499190 2.507308 1.406698
25.000000 20.000000 0.651598 0.722260 1.370699 1.857389
27.500000 20.000000 1.082731 1.089650 1.938031 1.921154
30.000000 20.000000 1.002782 1.133626 1.453818 2.510099
32.500000 20.000000 0.906286 0.534994 1.047486 1.548104
35.000000 20.000000 0.493371 0.718912 2.123665 2.652792
37.500000 20.000000 0.994358 1.413661 1.625751 1.317395
40.000000 20.000000 0.894281 0.805649 2.351964 2.411367
42.500000 20.000000 1.262719 1.315017 2.685067 2.011830
45.000000 20.000000 0.880950 0.510280 1.778344 1.157206
47.500000 20.000000 1.243257 1.384785 2.740834 1.860017
50.000000 20.000000 1.109267 0.564264 1.822063 2.413154
0.000000 22.500000 0.771694 0.509479 2.763194 2.073421
2.500000 22.500000 1.220979 1.304165 2.395161 1.401136
5.000000 22.500000 1.400372 1.120759 2.071825 1.410299
7.500000 22.500000 0.515304 0.685102 2.580611 2.562484
10.000000 22.500000 1.320255 1.101736 2.023613 2.568208
12.500000 22.500000 0.746218 1.384615 2.018759 2.560183
15.000000 22.500000 1.133215 0.533708 1.473948 2.680545
17.500000 22.500000 0.751688 1.190409 1.747079 2.454981
20.000000 22.500000 0.989087 0.685465 1.520910 1.191226
22.500000 22.500000 1.027638 0.564668 1.190175 1.259869
25.000000 22.500000 0.819742 0.784510 2.179845 2.415826
27.500000 22.500000 0.529386 1.071633 1.552379 1.160783
30.000000 22.500000 1.329365 0.743680 2.039579 1.603589
32.500000 22.500000 1.202673 1.136717 2.460102 1.559775
35.000000 22.500000 1.043260 1.208247 2.397118 1.282905
37.500000 22.500000 0.768781 0.871172 1.360442 2.909324
40.000000 22.500000 0.648915 0.656246 2.210347 2.609128
42.500000 22.500000 1.182352 1.282151 1.299253 1.752921
45.000000 22.500000 1.000465 0.663215 2.777575 1.800128
47.500000 22.500000 1.350449 0.912315 1.634535 2.204655
50.000000 22.500000 1.330194 1.042829 2.543493 1.985816
0.000000 25.000000 0.974339 1.036303 1.077007 2.788704
2.500000 25.000000 1.005754 1.326806 1.184497 2.202076
5.000000 25.000000 1.217345 0.546335 2.941888 1.692873
7.500000 25.000000 1.389813 0.868589 1.066699 1.161506
10.000000 25.000000 0.841834 0.747327 2.179334 2.733765
12.500000 25.000000 0.803080 0.550044 2.845797 1.744907
15.000000 25.000000 1.106660 0.537013 1.267736 2.355276
17.500000 25.000000 0.930714 1.034612 1.500124 2.518604
20.000000 25.000000 0.836446 0.924665 1.433531 1.193888
22.500000 25.000000 0.511712 0.575472 1.993537 1.835777
25.000000 25.000000 0.754030 1.407636 1.505367 2.687213
27.500000 25.000000 0.901794 1.088704 2.775836 1.283730
30.000000 25.000000 1.300450 0.875984 2.766070 1.460072
32.500000 25.000000 1.071229 0.487019 2.220349 2.271885
35.000000 25.000000 1.232054 1.099393 1.525391 2.051883
37.500000 25.000000 0.609397 0.701690 2.307126 1.650929
40.000000 25.000000 0.880397 1.200648 1.724162 1.382401
42.500000 25.000000 1.048741 1.189438 1.250751 1.102394
45.000000 25.000000 0.707817 0.854244 1.452818 2.955504
47.500000 25.000000 1.087335 0.875344 2.424256 1.799796
50.000000 25.000000 0.985700 1.052983 1.201032 1.574236
0.000000 27.500000 1.251366 0.557045 1.878211 2.048192
2.500000 27.500000 0.710061 0.670066 0.989621 1.602930
5.000000 27.500000 0.868245 1.018621 2.888442 1.779196
7.500000 27.500000 1.285537 0.707431 1.991717 1.529593
10.000000 27.500000 0.706824 1.145395 1.916909 1.243509
12.500000 27.500000 0.934377 0.614148 1.650058 1.370805
15.000000 27.500000 1.318924 0.580755 2.529927 2.718060
17.500000 27.500000 1.350461 1.290010 1.935200 1.840202
20.000000 27.500000 1.040334 0.882657 1.404558 1.608085
22.500000 27.500000 0.935257 0.872801 1.133573 2.705195
25.000000 27.500000 1.423970 0.937339 2.309714 2.339978
27.500000 27.500000 0.592800 0.598337 1.070543 1.022985
30.000000 27.500000 1.128504 1.089156 1.276265 1.818270
32.500000 27.500000 0.809706 1.385893 2.316519 2.302358
35.000000 27.500000 1.369945 1.317971 2.176480 2.548242
37.500000 27.500000 1.059426 0.581658 1.445282 2.798283
40.000000 27.500000 1.262784 0.751537 1.828084 2.158384
42.500000 27.500000 0.810758 0.741089 1.024776 2.267559
45.000000 27.500000 0.655526 1.045806 1.059233 1.344325
47.500000 27.500000 1.424762 0.927687 2.815165 2.698173
50.000000 27.500000 0.784809 0.502282 2.060834 2.750986
0.000000 30.000000 1.248940 0.709936 1.378397 1.081747
2.500000 30.000000 1.246016 1.015852 2.839298 1.307013
5.000000 30.000000 0.670768 0.789282 2.126513 2.151516
7.500000 30.000000 1.036387 0.617185 2.814633 1.555354
10.000000 30.000000 1.422580 0.835599 2.006660 2.812762
12.500000 30.000000 1.399025 0.826843 2.448953 1.547319
15.000000 30.000000 0.748421 1.257708 1.578585 2.404498
17.500000 30.000000 0.886709 0.869584 1.966743 2.885874
20.000000 30.000000 1.346078 0.669437 1.211558 2.120334
22.500000 30.000000 0.770960 0.981578 1.876297 1.475409
25.000000 30.000000 0.819091 1.217775 2.772163 2.271356
27.500000 30.000000 1.134642 0.587017 2.759341 2.654977
30.000000 30.000000 1.124620 0.596812 1.790741 1.104847
32.500000 30.000000 1.139892 0.999341 2.846349 2.359763
35.000000 30.000000 0.934271 0.855597 2.236171 1.402248
37.500000 30.000000 0.796963 0.907739 2.238159 2.689943
40.000000 30.000000 0.804301 0.549661 1.608133 1.741945
42.500000 30.000000 0.876874 1.199621 2.483113 2.125364
45.000000 30.000000 1.061804 1.331217 1.876722 1.170761
47.500000 30.000000 1.036152 0.725886 2.727311 1.527916
50.000000 30.000000 0.604374 1.171654 1.029114 1.468822
0.000000 32.500000 0.660531 1.341834 2.551553 2.449989
2.500000 32.500000 1.223163 0.880064 2.847875 2.916175
5.000000 32.500000 0.546670 0.554421 1.534352 1.775006
7.500000 32.500000 1.214378 1.233325 2.279083 2.930971
10.000000 32.500000 1.282666 0.517020 1.587373 2.455355
12.500000 32.500000 0.687725 0.489659 2.838509 2.321405
15.000000 32.500000 0.745056 0.527405 1.583426 1.116636
17.500000 32.500000 0.505024 0.651331 2.846767 1.012357
20.000000 32.500000 0.947028 1.395571 2.111709 2.683502
22.500000 32.500000 0.644297 0.840860 2.349529 2.712411
25.000000 32.500000 1.123957 0.507192 2.400197 2.932725
27.500000 32.500000 0.700505 0.537160 1.129497 2.265691
30.000000 32.500000 0.735609 0.542458 1.587481 2.731917
32.500000 32.500000 1.062947 0.737113 1.515562 1.130985
35.000000 32.500000 0.571873 1.130235 1.605656 1.830827
37.500000 32.500000 1.294857 1.313833 2.737859 1.694735
40.000000 32.500000 0.542152 1.113615 2.185814 1.053700
42.500000 32.500000 0.527873 1.316509 1.033466 2.048223
45.000000 32.500000 1.014779 1.398126 2.687403 0.992785
47.500000 32.500000 1.006128 0.925702 1.287632 2.906147
50.000000 32.500000 0.766130 1.100453 2.201608 2.736773
0.000000 35.000000 1.272261 1.104074 1.770088 1.774626
2.500000 35.000000 0.922835 0.496072 1.059925 2.731385
5.000000 35.000000 0.640121 0.924342 2.263493 2.888771
7.500000 35.000000 1.374868 1.197302 1.177072 2.595678
10.000000 35.000000 0.952821 0.622068 2.614902 2.589601
12.500000 35.000000 0.649822 0.621829 2.518180 2.568608
15.000000 35.000000 1.335424 1.303651 2.729522 1.848209
17.500000 35.000000 0.649330 1.075555 1.997982 2.917704
20.000000 35.000000 0.764136 0.755195 1.764926 1.491480
22.500000 35.000000 0.622174 1.034227 2.034487 1.550147
25.000000 35.000000 1.120485 1.064501 2.111104 1.407458
27.500000 35.000000 0.938098 0.610310 2.066413 2.126700
30.000000 35.000000 0.635929 0.508818 2.475799 2.152186
32.500000 35.000000 1.048258 1.000008 1.483486 2.793893
35.000000 35.000000 1.258769 0.958405 1.798878 2.159161
37.500000 35.000000 0.534115 0.649955 2.866183 1.242264
40.000000 35.000000 0.714240 1.243712 2.622222 1.412125
42.500000 35.000000 1.391190 1.391044 2.051664 1.790514
45.000000 35.000000 0.895378 1.301321 2.112442 2.612433
47.500000 35.000000 0.870616 1.407105 2.599762 2.094581
50.000000 35.000000 0.981956 0.914655 1.322481 1.443947
0.000000 37.500000 0.944821 1.233271 2.166355 1.120128
2.500000 37.500000 0.782798 1.031786 2.432683 2.231660
5.000000 37.500000 1.373869 1.201657 2.078737 2.291512
7.500000 37.500000 1.151856 1.380188 2.561826 2.260552
10.000000 37.500000 0.652514 0.970836 1.982755 2.340475
12.500000 37.500000 0.767908 1.065449 2.330671 2.521706
15.000000 37.500000 0.641472 0.675434 1.967621 1.658659
17.500000 37.500000 0.639579 0.864915 2.786749 1.078064
20.000000 37.500000 0.608942 0.837962 1.043556 1.498953
22.500000 37.500000 1.198942 0.987254 2.181028 2.480013
25.000000 37.500000 1.282479 0.639544 1.191536 1.389737
27.500000 37.500000 0.547817 0.936228 2.303942 1.228634
30.000000 37.500000 1.116121 0.482599 2.707813 1.304915
32.500000 37.500000 1.161954 1.130373 2.455646 0.988717
35.000000 37.500000 1.206789 0.658223 1.345738 1.836773
37.500000 37.500000 0.918005 0.635021 1.049395 1.227740
40.000000 37.500000 0.551653 0.936011 1.703604 2.195851
42.500000 37.500000 1.303435 0.535526 2.372850 1.251662
45.000000 37.500000 0.484849 1.009604 1.854807 2.839061
47.500000 37.500000 1.180777 1.254306 1.665825 2.523429
50.000000 37.500000 1.407233 1.160379 2.395512 2.220198
0.000000 40.000000 0.651330 1.021243 1.492755 2.378886
2.500000 40.000000 0.996966 0.649565 1.830507 2.487337
5.000000 40.000000 0.607364 0.647719 2.502890 2.839095
7.500000 40.000000 1.124657 0.941451 2.561514 1.775389
10.000000 40.000000 1.221523 1.209995 1.839967 1.588683
12.500000 40.000000 1.008933 0.852170 1.516196 1.136065
15.000000 40.000000 1.254787 0.536703 2.281569 2.129227
17.500000 40.000000 0.885133 1.398552 2.307587 1.095848
20.000000 40.000000 0.717527 0.575259 2.147728 2.846585
22.500000 40.000000 1.136087 0.575792 2.058003 2.705042
25.000000 40.000000 0.509753 0.742878 1.269072 1.761834
27.500000 40.000000 1.068363 1.146180 1.445574 1.725553
30.000000 40.000000 1.190287 0.536453 2.888381 1.855301
32.500000 40.000000 0.832159 0.645640 2.762247 1.820589
35.000000 40.000000 1.115591 0.980024 2.930008 2.356067
37.500000 40.000000 1.376156 0.496517 1.101873 1.397127
40.000000 40.000000 1.212605 1.038299 1.880065 1.663789
42.500000 40.000000 0.858990 0.907015 2.786043 1.337621
45.000000 40.000000 0.622555 0.609279 1.131228 2.562828
47.500000 40.000000 0.672672 0.784284 1.208932 1.600781
50.000000 40.000000 0.967360 0.813465 1.309345 1.880955
0.000000 42.500000 1.152105 0.547409 1.490165 1.139178
2.500000 42.500000 0.876219 0.947524 2.853655 1.205819
5.000000 42.500000 0.924971 0.567537 2.378471 2.610724
7.500000 42.500000 0.549278 0.940593 1.587126 1.808321
10.000000 42.500000 0.485959 0.640555 2.564055 2.931322
12.500000 42.500000 0.956757 0.599157 2.743589 2.652373
15.000000 42.500000 0.789922 1.210539 1.116773 1.285365
17.500000 42.500000 0.937610 1.413350 1.391328 2.089456
20.000000 42.500000 1.081914 1.017695 1.757054 2.004786
22.500000 42.500000 1.192484 0.985712 1.514639 1.071839
25.000000 42.500000 0.967672 1.119277 1.028040 2.857849
27.500000 42.500000 0.541151 1.032785 1.972669 2.725153
30.000000 42.500000 0.543862 1.207279 1.983568 1.319675
32.500000 42.500000 0.669790 0.707958 2.374279 2.824568
35.000000 42.500000 0.710802 0.819132 2.421142 2.260994
37.500000 42.500000 0.551149 0.741326 2.739039 2.224218
40.000000 42.500000 1.049228 0.918190 1.939887 1.116847
42.500000 42.500000 1.322054 1.141519 2.945527 2.457870
45.000000 42.500000 1.287078 1.221302 1.440800 2.188982
47.500000 42.500000 0.691911 0.931771 2.688621 2.171401
50.000000 42.500000 0.622402 1.138164 1.722179 2.867172
0.000000 45.000000 0.615494 1.076189 1.962425 1.253490
2.500000 45.000000 0.718696 0.976979 2.569346 1.983571
5.000000 45.000000 0.892331 1.060644 2.432604 2.631063
7.500000 45.000000 0.734901 0.911268 2.380886 2.109924
10.000000 45.000000 0.770757 0.782210 1.007582 1.159071
12.500000 45.000000 1.070442 1.205691 2.145512 1.394751
15.000000 45.000000 0.506619 0.768267 2.949553 1.578955
17.500000 45.000000 0.929931 1.098065 1.811156 2.847510
20.000000 45.000000 0.505172 1.295277 1.872871 1.101916
22.500000 45.000000 1.210459 1.283422 2.882173 1.480595
25.000000 45.000000 1.045299 0.638626 1.099837 1.046815
27.500000 45.000000 0.789614 1.391645 1.543510 1.346034
30.000000 45.000000 1.401431 1.330483 2.468380 1.737581
32.500000 45.000000 0.614596 1.309936 1.729399 2.538571
35.000000 45.000000 0.652813 1.061666 2.654444 2.908986
37.500000 45.000000 1.357355 0.741207 2.275907 1.381182
40.000000 45.000000 1.059667 1.151360 1.483992 2.178205
42.500000 45.000000 1.222227 1.083957 2.927413 2.023169
45.000000 45.000000 1.015330 0.606522 1.045835 1.860688
47.500000 45.000000 0.604840 0.915643 2.817466 2.116335
50.000000 45.000000 0.836655 0.983645 2.610584 1.897797
0.000000 47.500000 1.178365 1.245803 2.779910 2.739495
2.500000 47.500000 1.046709 0.596793 2.600215 1.617392
5.000000 47.500000 1.095773 0.878811 2.175023 1.450187
7.500000 47.500000 0.922701 0.720965 1.599445 2.522916
10.000000 47.500000 1.114714 1.352613 2.301192 2.186446
12.500000 47.500000 1.104178 0.845508 2.232519 0.995995
15.000000 47.500000 1.198386 1.102973 2.914256 2.278258
17.500000 47.500000 1.004482 0.753493 2.784731 2.219760
20.000000 47.500000 1.040378 1.149403 1.567090 2.281271
22.500000 47.500000 1.237785 1.164869 2.063974 2.584158
25.000000 47.500000 1.203745 1.262702 1.766410 1.927416
27.500000 47.500000 0.978890 0.573919 1.468731 2.121804
30.000000 47.500000 0.971745 0.994730 2.882826 1.747916
32.500000 47.500000 1.221343 1.132447 2.823684 2.948337
35.000000 47.500000 0.718098 1.220949 1.983843 2.289617
37.500000 47.500000 1.153660 0.535860 2.036278 1.463327
40.000000 47.500000 1.405606 0.785672 0.992781 2.484574
42.500000 47.500000 0.953918 0.967749 1.110561 1.985023
45.000000 47.500000 0.634038 0.567905 2.413483 1.914254
47.500000 47.500000 0.953833 0.988713 2.632631 1.668844
50.000000 47.500000 1.370697 1.384700 1.613779 2.589070
0.000000 50.000000 0.477854 1.413080 2.034646 2.489107
2.500000 50.000000 0.732567 0.759718 1.492380 1.523388
5.000000 50.000000 1.267957 1.410404 1.043481 1.862859
7.500000 50.000000 1.077051 1.414647 2.377929 1.800033
10.000000 50.000000 0.697502 0.662145 1.547940 1.357428
12.500000 50.000000 0.681604 1.131856 1.637068 1.553271
15.000000 50.000000 1.167944 0.633619 2.012181 1.948029
17.500000 50.000000 0.563392 0.695539 1.390081 2.010155
20.000000 50.000000 0.702518 0.631671 1.619342 2.063804
22.500000 50.000000 0.713387 0.518926 2.543052 1.259818
25.000000 50.000000 0.929769 0.607490 2.623720 1.225382
27.500000 50.000000 0.920510 1.065656 2.187408 2.189582
30.000000 50.000000 0.638132 1.093069 2.400994 2.676685
32.500000 50.000000 0.884129 0.772445 2.945232 1.389145
35.000000 50.000000 0.807817 1.160153 2.469585 1.880364
37.500000 50.000000 0.478291 1.024688 2.722148 1.464634
40.000000 50.000000 0.948647 0.764265 1.393199 1.884564
42.500000 50.000000 0.859510 0.735736 2.149588 2.798992
45.000000 50.000000 0.888768 0.776744 2.643297 1.975600
47.500000 50.000000 0.559442 0.770286 2.325835 1.494854
50.000000 50.000000 1.383349 1.326906 1.504878 1.063153
